0.00055095,0.0031246,-0.09995,0
-0.0065981,-0.082995,0.055392,0
-0.0014993,-0.094488,0.032707,0
-0.061536,-0.005876,0.078605,0
-0.028325,-0.081839,0.05,0
-0.024097,0.0070757,-0.096795,0
0.011704,0.025627,-0.095949,0
0.070981,-0.052262,0.047227,0
0.012104,0.010156,0.098744,0
-0.0078443,0.098671,-0.014231,0
-0.003841,-0.005047,0.099799,0
0.0037588,0.012088,-0.099195,0
-0.06999,-0.048185,-0.052723,0
-0.045247,0.00724,0.088884,0
-0.046118,-0.069317,-0.055392,0
-0.018897,0.02483,0.095007,0
-0.078121,0.061435,-0.011084,0
-0.044079,0.066253,0.060561,0
0.062097,0.076436,0.017365,0
0.066677,0,-0.074526,0
0.09243,0.023982,-0.029692,0
0.0034953,-0.073376,-0.067851,0
-0.028544,0.057593,-0.076604,0
0.04894,-0.06024,-0.063055,0
-0.092992,0.0088796,-0.035689,0
0.042947,-0.069217,-0.058006,0
0.072364,0.068999,-0.0015866,0
-0.022643,-0.0819,0.052723,0
-0.01846,0.0041694,0.098193,0
-0.042958,0.0013637,-0.090293,0
-0.064701,-0.065736,0.038635,0
-2.5082e-18,1.1987e-17,-0.1,0
0.09022,0.036119,-0.023576,0
-0.034504,0.059763,-0.072373,0
0.023557,-0.051582,-0.082368,0
0.033106,-0.0085898,-0.093969,0
0.095609,0.012202,0.026647,0
-0.069235,-0.0303,0.065486,0
-0.043215,0.022279,0.087385,0
-0.019557,-0.093466,0.029692,0
0.067433,-0.073007,0.011084,0
-0.0054417,-0.0032579,-0.099799,0
-0.044187,-0.039533,-0.080527,0
-0.0057058,0.039685,0.091611,0
-0.093013,0.033854,0.014231,0
-0.064491,-0.074427,-0.017365,0
-0.092189,-0.0029264,-0.038635,0
-0.0072057,0.020819,-0.097543,0
0.020453,-0.0081881,0.097543,0
0.030907,0.0809,-0.05,0
0.046192,-0.015171,-0.087385,0
0.025127,0.018501,-0.095007,0
0.0028224,-0.0090769,-0.099547,0
0.046381,-0.022078,-0.085798,0
-0.090572,-0.032965,-0.026647,0
-0.059312,-0.017416,-0.078605,0
0.01243,-0.0023958,0.099195,0
0.098883,-0.012619,0.007925,0
-0.091323,0.039967,-0.007925,0
0.076212,0.014689,0.063055,0
0.03126,0.050381,0.080527,0
0.024628,-0.064464,0.072373,0
-0.074442,0.066601,-0.0047582,0
-0.035143,-0.0839,0.041542,0
-0.063808,0.064829,-0.041542,0
0.077391,0.025417,0.058006,0
-0.085701,0.05131,0.0047582,0
0.053165,-0.050693,0.067851,0
0.022279,-0.091836,-0.032707,0
0.0041194,-0.036937,-0.092837,0
0.090281,0.042974,0.0015866,0
0.023256,-0.032659,-0.091611,0
0.062279,0.034651,0.070147,0
0.016875,-0.095705,0.023576,0
0.0089378,-0.016682,-0.098193,0
0.045482,0.029229,0.084125,0
0.010849,0.097277,0.020481,0
0.037558,-0.020896,0.090293,0
0.057894,-0.048579,-0.065486,0
0,0,0.1,0
0.089419,0.0056827,0.044407,0
0.054064,-1.3242e-17,-0.084125,0
-0.021205,0.076699,-0.060561,0
0.0030585,0.064206,0.076604,0
0.089419,-0.0056827,-0.044407,0
-0.00045154,-0.0031405,0.09995,0
0.0055138,0.007743,0.099547,0
-0.04231,0.029129,0.085798,0
-0.00072702,0.045817,-0.088884,0
-0.046672,0.053862,-0.070147,0
-0.059265,-0.030553,0.074526,0
-0.015602,-0.0024964,-0.098744,0
-0.03609,0.086162,0.035689,0
0.025218,0.027302,0.092837,0
0.021128,-0.013578,0.096795,0
-0.044073,-0.076336,-0.047227,0
-0.055313,-0.012493,0.082368,0
-0.043465,-0.0877,-0.020481,0
0.0066421,0.027379,0.095949,0
0.016153,0.030147,0.093969,0
-0.009168,0.018498,-0.10712,0
0.10336,-0.026817,0.022343,0
-0.048626,-0.03824,-0.089856,0
0.10226,0.013051,-0.03568,0
-0.092591,0.047734,0.032391,0
0.097745,0,-0.048444,0
0.0041306,0.086712,-0.066067,0
0.080956,0.015603,0.071439,0
0.040605,0.088912,0.048444,0
0.086291,0.028341,-0.060428,0
-0.0083635,0.01099,-0.10821,0
0.045125,-0.033225,0.093598,0
0.0014624,-0.0307,-0.10467,0
-0.064653,-0.033331,0.081302,0
0.01784,0.046697,0.096964,0
0.054413,0.034969,-0.087848,0
-0.013151,-0.031397,0.10364,0
0.095965,-0.0060988,0.05152,0
-0.02938,0.044159,0.095329,0
-0.04858,-0.033445,0.091773,0
0.012987,0.041765,0.099939,0
-0.099323,-0.043468,-0.012091,0
0.10897,-2.6689e-17,0.0051908,0
-0.016592,-0.021802,-0.10559,0
-0.01205,-0.083809,0.068788,0
-0.067453,0.068532,-0.05152,0
0.015772,-0.089446,0.060428,0
0.037525,-0.098222,0.02907,0
0.092124,-0.036881,0.045318,0
0.019671,-0.031704,0.10251,0
-0.06078,0.022122,0.087848,0
0.041799,-0.091528,0.042147,0
-0.022935,0.066266,-0.083568,0
-0.094428,-0.0029975,-0.054545,0
0.013699,-0.0017483,0.10821,0
-0.082651,0.064997,-0.02907,0
0.002505,-0.0023885,0.10904,0
-0.058724,-0.088266,-0.025719,0
-0.056849,0.065607,0.066067,0
-0.020871,-0.099747,0.038933,0
0.016532,-0.068146,0.083568,0
0.014584,0.060117,0.089856,0
-0.0012715,0.080127,0.074019,0
-0.015523,0.10797,0.0017308,0
-0.040361,0.003854,0.10128,0
-1.2819e-17,3.7639e-18,-0.10909,0
0.052081,-0.010038,-0.095329,0
-0.0085922,-0.10808,0.012091,0
-0.041718,0.099596,-0.015525,0
0.0090875,0.014646,-0.10772,0
0.047823,0.067158,-0.071439,0
-0.028019,-0.04853,-0.093598,0
-5.4916e-05,-0.0034608,-0.10904,0
-0.07683,0.068738,0.03568,0
0.083306,0.069902,-0.0086454,0
0.010037,0.0026043,0.1086,0
-0.0086357,0.10862,-0.0051908,0
-0.023443,-0.0052949,0.10641,0
-0.033204,0.0074994,-0.10364,0
-0.081046,-0.07251,0.0086454,0
0.0091257,-0.029348,0.10467,0
0.068073,-0.05712,0.063279,0
0.010274,-0.092126,0.057516,0
0.044546,-0.01463,-0.098501,0
0.020656,-0.038553,-0.099939,0
-0.0073008,0.026407,0.10559,0
-0.028628,-0.10355,-0.018943,0
0,0,0.10909,0
-0.017341,0.082876,-0.068788,0
0.085986,0.06331,-0.022343,0
-0.091533,-0.014646,-0.057516,0
-0.063369,-0.023064,-0.085751,0
-0.061868,-0.0714,0.054545,0
0.006905,0.00043883,-0.10887,0
-0.074599,-0.021904,-0.076525,0
-0.08846,-0.0084469,-0.063279,0
0.094359,0.0525,0.015525,0
0.040018,-0.043325,-0.091773,0
-0.073414,0.032129,-0.074019,0
0.062571,0.077019,-0.045318,0
0.011751,0.10536,0.025719,0
0.033689,0.016036,-0.10251,0
0.0062473,-0.0029737,0.10887,0
0.043528,0.017426,0.098501,0
0.023518,-0.033027,-0.10128,0
0.0097503,0.018198,0.10712,0
0.017696,0.10036,-0.038933,0
-0.0078607,-0.022712,-0.10641,0
0.063562,-0.035365,-0.081302,0
-0.052808,-0.053653,-0.078953,0
0.042053,-0.027026,-0.096964,0
-0.06459,0.03867,0.078953,0
-0.099357,0.015898,-0.042147,0
-0.055545,0.03824,0.085751,0
0.077753,0.074138,0.018943,0
-0.0076542,-0.015444,0.10772,0
0.068779,-0.08466,-0.0017308,0
-0.010365,0.00032901,-0.1086,0
-0.038874,0.067332,0.076525,0
-0.089377,-0.05351,-0.032391,0
-0.11093,-0.040375,-0.0056233,0
-0.11071,0.040293,0.0093659,0
0.026037,-6.3772e-18,0.11528,0
0.040275,0.10542,-0.035091,0
0.097593,-0.054299,0.038653,0
-0.011467,0.027377,0.11439,0
0.035876,0.06696,0.090533,0
0.034989,0.076616,-0.082902,0
0.0033857,-0.0016116,0.11812,0
0.060704,0.019937,0.099421,0
0.040777,-0.016325,-0.10972,0
-0.028646,0.10361,-0.049095,0
0.081391,-0.0051725,0.085532,0
-0.095821,0.057368,-0.038653,0
0.04709,-0.075894,-0.077393,0
0.017773,-0.10079,-0.059091,0
0.053175,-0.010249,-0.10504,0
-0.023329,0.11149,0.031492,0
-0.039028,-0.026869,-0.10827,0
0.060426,-0.084856,0.055814,0
-0.032182,-0.092983,-0.065463,0
0.059498,0.095893,0.035091,0
-0.0036575,0.00082609,-0.11812,0
-0.072189,0.031593,0.088077,0
0.092345,0.017798,-0.071572,0
-0.072266,-0.043266,0.082902,0
0.084033,0.021804,-0.080187,0
0.086568,-0.063739,0.049095,0
-0.0047385,-0.032957,0.11339,0
-0.10597,-0.046378,-0.024204,0
-0.050003,0.034425,0.1014,0
-0.10584,0.0033597,-0.052481,0
0.02021,0.11462,0.020522,0
-0.008641,-0.020629,-0.11605,0
-0.077383,-0.089305,0.0018751,0
-0.028764,0.033195,0.10972,0
-0.014893,-0.0014221,-0.11723,0
0,0,0.11818,0
0.021692,0.069761,0.092897,0
0.074061,-0.091161,-0.013099,0
-0.064934,-0.033476,-0.092897,0
-0.0647,-0.057886,0.080187,0
-0.00058508,-0.036872,-0.11228,0
-0.088011,-0.025842,0.07452,0
-0.032877,0.0052608,-0.11339,0
0.027579,0.11368,-0.016819,0
0.10295,0.057279,-0.0093659,0
-0.0068034,0.0089395,0.11765,0
0.11299,-0.01442,-0.031492,0
0.10551,-0.027377,-0.045659,0
0.034357,-0.089929,0.068552,0
-0.070207,0.055211,0.077393,0
0.023253,0.028622,0.11228,0
-0.025516,0.051483,0.10327,0
-0.037983,0.065788,-0.090533,0
0.068608,-0.044092,-0.085532,0
0.0074805,0.0004754,0.11794,0
0.085435,0.081462,0.0056233,0
0.032549,0.023966,-0.11105,0
0.10417,0,-0.055814,0
-0.059566,0.030709,0.097344,0
6.8352e-18,-1.2757e-17,-0.11818,0
0.0028886,0.060639,-0.1014,0
0.08448,0.054292,0.062308,0
0.020195,0.0096128,0.11605,0
0.053677,0.045041,-0.095168,0
-0.005311,-0.066805,-0.097344,0
-0.028354,0.028807,0.11105,0
0.028199,-0.0092615,-0.11439,0
-0.018438,-0.0029503,-0.1167,0
-0.11433,0.010917,0.027862,0
-0.035652,0.10301,0.045659,0
-0.11457,-0.025876,0.013099,0
0.071847,0.077786,0.052481,0
-0.063862,-0.0020272,-0.099421,0
-0.058727,0.052541,-0.088077,0
0.074907,-0.081098,0.042177,0
-0.014355,0.004215,0.11723,0
-0.008292,-0.016731,0.1167,0
0.0056299,0.050481,-0.10671,0
0.0056299,-0.050481,0.10671,0
-0.066859,-0.087852,-0.042177,0
-0.0015933,0.10041,-0.062308,0
0.070266,-0.058961,-0.07452,0
-0.031014,-0.11218,-0.020522,0
-0.013018,-0.022548,-0.11528,0
-0.055079,-0.043315,0.095168,0
0.084662,-0.080725,0.016819,0
0.0054648,-0.11472,-0.027862,0
-0.026246,0.039449,0.10827,0
0.0017671,-0.0072843,-0.11794,0
0.011144,0.0014221,-0.11765,0
0.048054,-0.10522,0.024204,0
-0.06597,-0.067025,0.071572,0
-0.0093647,0.1178,-0.0018751,0
0.089372,0.035779,-0.068552,0
-0.020152,-0.096309,0.065463,0
-0.0081774,0.056875,-0.10327,0
0.030389,-0.097733,0.059091,0
0.031412,0.044113,0.10504,0
-0.0065465,-0.031287,0.12319,0
-0.10764,0.031606,0.060107,0
-0.0035892,-0.0018504,-0.12721,0
-0.004549,-0.031639,-0.12319,0
0.11972,-0.031063,0.030006,0
-0.11623,0.050867,-0.010086,0
0.12194,0.031639,0.018113,0
0.014206,0.080566,-0.097497,0
0.036278,-0.058469,-0.10707,0
-0.092825,-0.033786,-0.080252,0
-0.075355,0.045115,0.092112,0
0.094448,-0.018203,-0.083346,0
-0.079993,-0.081272,0.056518,0
0.12611,-0.016094,0.0060559,0
-0.089635,-0.080194,-0.041627,0
-0.035695,0.0034084,-0.12212,0
0.033367,0.087337,-0.086356,0
-0.12668,-0.012097,-0.0020193,0
-0.035044,0.083664,-0.089279,0
0.033346,-0.02798,-0.1196,0
-0.063564,-0.1101,-0.0060559,0
0.10673,0.068592,0.010086,0
0.10248,-0.075452,0.0020193,0
-0.077264,0.069126,-0.073825,0
-0.0017799,0.11217,-0.060107,0
0.11427,0.037529,0.041627,0
0.017316,0.05569,0.11312,0
-0.049545,0.065101,0.097497,0
-0.1126,0.018018,-0.056518,0
-0.0099837,0.12558,-0.018113,0
-0.015807,0.012431,-0.12567,0
-0.021409,0.011037,-0.12497,0
0.010159,0.012505,-0.12625,0
0.037216,-0.11969,0.022101,0
-0.012989,-0.037529,-0.12092,0
-0.10167,-0.029853,-0.070499,0
-0.11134,-0.048726,-0.03779,0
-0.0084865,0.0086222,-0.1267,0
-0.051002,0.001619,0.1166,0
0.106,0.050454,0.049171,0
-0.12338,-0.027867,0.014107,0
0.0056571,0.11876,-0.045422,0
0.039018,-0.048028,0.11122,0
-0.047785,-0.11408,-0.030006,0
0.046922,0.0059881,-0.11816,0
0.011152,0.045969,0.11816,0
0.057934,-0.10813,-0.033915,0
0.072704,0.1021,-0.022101,0
-0.1142,0.041567,0.03779,0
0.0039651,0.00076422,0.12721,0
-0.11017,-0.0034971,-0.063636,0
0.044741,0.072109,-0.094852,0
-0.018336,0.066321,0.10707,0
0.096317,-0.053589,0.063636,0
-0.090915,-0.054431,0.070499,0
0.0017858,0.016012,0.12625,0
0.0037435,-0.078586,0.10004,0
-0.021998,-0.033064,0.12092,0
0.09543,0.080075,0.026066,0
0.073886,-0.047484,-0.092112,0
0.037681,-0.08251,0.089279,0
0.12267,0,0.033915,0
-0.070065,0.10531,-0.014107,0
-0.070821,0.081732,-0.067101,0
-0.00012807,-0.0080711,-0.12702,0
0.063436,-0.06868,0.086356,0
-0.066706,-0.052458,0.094852,0
0.11565,0.0463,-0.026066,0
-0.00095877,-0.01206,0.1267,0
-0.015455,0.073861,-0.10249,0
0.034328,-0.089852,0.083346,0
0.052233,0.049804,-0.10483,0
0.013104,-0.074315,0.10249,0
0.011491,-0.10303,0.073825,0
0.04848,-0.015922,-0.1166,0
-0.027351,0.047373,0.11492,0
0.014554,-0.013877,0.12567,0
-6.9214e-18,1.3965e-17,-0.12727,0
-0.031681,-0.11459,0.045422,0
-0.059446,-0.040925,0.10483,0
0,0,0.12727,0
-0.076874,-0.088718,-0.049171,0
0.03173,-0.044558,-0.11492,0
0.015413,-0.063534,-0.1092,0
0.11554,-0.0073427,0.052871,0
0.033288,-0.013327,0.12212,0
0.048093,0.10531,-0.052871,0
-0.010696,-0.021581,0.12497,0
0.098583,0.0062652,0.080252,0
0.059031,-0.028099,0.1092,0
-0.089078,0.061326,0.067101,0
-0.0078738,0.0017784,0.12702,0
0.06875,0.038251,-0.10004,0
-0.037475,-0.049241,-0.11122,0
-0.0039904,0.027754,-0.12415,0
-0.033125,0.095709,-0.077078,0
0.10128,-2.4806e-17,0.077078,0
0.046963,0.034578,-0.11312,0
-0.027687,-0.0044303,0.12415,0
0.029535,0.031977,0.1196,0
-0.028203,-0.10201,-0.085984,0
-0.050308,0.1201,-0.040489,0
-0.10064,-0.069284,-0.060555,0
0.025755,-0.0016368,-0.1339,0
0.02951,-0.055078,0.1212,0
0.088009,0.022835,0.10163,0
-0.1242,0.019873,0.052683,0
-0.09941,0.043506,-0.082583,0
-0.054242,-0.05511,-0.11232,0
-0.038625,0.1116,0.068182,0
-0.12109,-0.044074,0.0446,0
0.073218,0.053909,-0.10163,0
0.098679,0.09409,-0.0021635,0
-0.00020566,-0.012961,0.13575,0
-0.13015,-0.0041314,0.040489,0
0.017228,0.0010949,0.13527,0
-0.11348,0.0036021,-0.075535,0
-0.032567,-0.077749,-0.10719,0
-0.10835,0.024472,-0.079099,0
0.0017973,-0.0039356,0.13629,0
-0.060255,0.053909,-0.10981,0
-0.024113,-0.069669,-0.11472,0
0.03371,-0.10841,0.075535,0
0.0042917,0.00054771,-0.13629,0
-0.031105,0.062762,-0.117,0
0.016174,0.030188,-0.13199,0
0.023605,0.13387,-0.010807,0
0.055775,-0.035844,-0.11916,0
-0.048593,0.084165,0.095656,0
-0.053083,-0.069751,0.10446,0
0.0070828,0.029195,-0.13301,0
0.031713,0.044535,-0.12492,0
-0.0016792,0.10582,0.085984,0
0.035728,0.029979,0.12814,0
0.093596,-0.078536,0.060555,0
0.049765,0.0095915,-0.1266,0
-0.067762,-0.11737,-0.015114,0
0.11485,0.063902,-0.036337,0
0.12303,0.049253,0.032149,0
-0.053376,-0.1077,0.064401,0
0.0062594,-0.0059683,-0.13609,0
0.0057193,0.12006,-0.064401,0
-0.012003,0.057366,-0.12313,0
-0.016651,0.060226,-0.1212,0
0.0060842,-0.02508,0.1339,0
0.065766,-0.008393,0.11916,0
0.009343,0.083775,0.10719,0
-0.049136,0.049922,0.117,0
-0.096114,0.028222,0.092524,0
0.1259,-0.041351,-0.032149,0
-0.12425,-0.028064,0.048666,0
-0.067488,-0.077885,-0.089299,0
0.052917,0.11587,-0.048666,0
-0.11997,-0.061849,0.019407,0
-0.075449,-0.1134,0.0064884,0
-0.0099677,0.12538,-0.052683,0
0.019289,-0.10939,0.079099,0
0.039874,0.12824,-0.023679,0
0.10435,0.067061,0.056648,0
0.091086,-0.023633,-0.098691,0
0.069925,-0.075705,0.089299,0
-0.021281,0.031986,-0.13084,0
-0.0018447,-0.01283,-0.13575,0
-0.038244,-0.0036519,0.13084,0
0.044854,-0.062988,0.11232,0
-0.11452,-0.068562,0.027928,0
-0.11656,0.042424,-0.056648,0
1.5866e-17,5.2109e-18,-0.13636,0
0.046213,0.074481,-0.10446,0
-0.020673,-0.0060701,0.13465,0
0.068423,-0.084222,0.082583,0
-0.025776,0.015432,0.13301,0
-0.019404,0.13496,0.0021635,0
-0.089036,0.045901,-0.092524,0
-0.096038,-0.085922,-0.0446,0
0,0,0.13636,0
0.050022,0.054157,0.11472,0
-0.11163,0.07685,0.015114,0
-0.091081,0.071627,-0.071894,0
0.022433,-0.036156,-0.12956,0
0.015587,-0.0074194,-0.13527,0
0.00095861,-0.0085954,0.13609,0
-0.076393,-0.060076,-0.095656,0
0.044288,-0.024641,0.1266,0
0.034264,-0.025228,0.12956,0
-0.034092,0.0032554,0.13199,0
0.048513,0.12698,0.010807,0
0.12391,-0.049607,-0.027928,0
0.094102,-2.3048e-17,0.098691,0
0.074465,0.091659,-0.068182,0
-0.11442,-0.018308,0.071894,0
0.0062538,-0.13128,0.036337,0
-0.016559,-0.079137,0.10981,0
-0.010697,-0.13455,-0.019407,0
-0.03838,0.044293,0.12313,0
0.045796,-0.0088265,-0.12814,0
-0.019738,-0.0086383,-0.13465,0
-0.08249,0.10839,-0.0064884,0
0.12126,0.057718,0.023679,0
0.054672,0,0.12492,0
0.1434,0.0183,-0.016122,0
0.021029,-0.11926,0.08057,0
0.033914,0.013577,0.14079,0
-0.020573,0.14309,0.016122,0
0.089774,-0.097194,-0.060424,0
-0.081486,0.064081,0.10203,0
-0.011514,0.14483,-0.006921,0
0.0093874,0.053239,-0.13504,0
-0.10192,0.10355,0.006921,0
0.027761,0.08928,0.11142,0
-0.12505,-0.036717,-0.064592,0
-0.0089986,0.0020324,-0.14516,0
0.13059,-0.04289,-0.047574,0
0.031466,-0.0060646,0.14188,0
0.037285,0.060092,0.12711,0
-0.038779,0.092581,0.10527,0
0.03163,0.13038,-0.056196,0
0.0021596,0.045335,0.13819,0
-0.0069132,0.011974,-0.1448,0
0.10942,0.080562,-0.051911,0
0.035826,-0.078448,0.11713,0
0.0080201,0.011263,0.1448,0
0.11465,-0.084413,0.02979,0
0.074295,0.06234,-0.1084,0
0.050034,-0.13096,0.03876,0
0.071005,-0.033798,0.12236,0
-0.045428,0.13126,0.043188,0
-0.06968,-0.06234,-0.11142,0
-0.00036574,-0.0046005,-0.14538,0
-0.057422,-0.086308,-0.10203,0
-0.01423,0.028712,-0.14188,0
-0.10855,-0.017369,0.095252,0
0.089451,-0.085291,-0.076687,0
0.0096612,-0.039824,-0.13956,0
-0.0020494,-0.004135,0.14538,0
0.053951,-0.0034287,0.13504,0
0.081186,0.038645,0.11433,0
-0.13065,0.020905,0.060424,0
-0.086262,0.077177,0.088089,0
-0.023618,-0.01414,0.14283,0
-0.039608,-0.11444,-0.08057,0
-0.070768,0.042369,-0.11981,0
0.014106,-0.011836,-0.14428,0
0.027805,0.030103,0.13956,0
-0.13283,0.048346,0.034292,0
0.0025473,0.02284,-0.14363,0
-0.01554,-0.056209,-0.13325,0
-0.071035,0.048904,-0.11713,0
-0.076139,0.11444,0.047574,0
-0.086221,-0.11329,-0.02979,0
-0.10171,-0.10334,0.011527,0
-0.013651,0.065238,-0.12929,0
0.066115,-0.0084375,0.12929,0
0.078816,-0.11068,0.051911,0
-0.070399,-0.0067223,-0.12711,0
-0.031258,-0.05414,-0.13133,0
0.049586,0.061035,-0.12236,0
0.012117,-0.019528,0.14363,0
-0.083961,0.096896,-0.068694,0
-0.12291,-0.053789,0.056196,0
0.087581,-0.1078,-0.043188,0
0.03518,-0.11314,0.084372,0
0,0,0.14545,0
0.096789,0.0061511,0.1084,0
-0.0037712,-0.018023,0.14428,0
0.098652,0.054889,0.091717,0
0.047404,-0.088476,-0.10527,0
-0.11284,-0.0035819,-0.091717,0
0.07564,-0.048611,-0.11433,0
0.12112,0.077838,-0.0207,0
-0.046748,-0.017015,-0.13668,0
0.099196,-0.039712,0.098692,0
0.0023671,-0.049692,0.13668,0
-1.4672e-17,-1.0101e-17,-0.14545,0
-0.024153,-0.057662,0.13133,0
0.053261,0.11663,0.068694,0
0.070986,0.023314,-0.1248,0
-0.028473,0.10299,-0.098692,0
0.14324,0,-0.025258,0
0.12597,-3.0853e-17,0.072727,0
-0.13324,0.05831,0.0023078,0
0.06765,0.12626,0.025258,0
-0.11584,-0.059719,0.064592,0
-0.04584,-0.036049,0.13325,0
0.13682,-0.035501,-0.034292,0
-0.00043675,-0.027524,-0.14283,0
0.13766,0.026532,-0.03876,0
0.108,-0.060092,0.076687,0
-0.07914,0.023238,0.11981,0
-0.0023005,0.14498,-0.011527,0
-0.076287,0.10024,-0.072727,0
-0.11569,0.0036724,-0.088089,0
0.072322,0.018765,0.1248,0
-0.036365,0.0034725,-0.14079,0
0.042285,0.11068,-0.084372,0
-0.14044,-0.031719,0.0207,0
0.012184,-0.10925,-0.095252,0
-0.020698,-0.14396,-0.0023078,0
-0.029722,-0.034301,-0.13819,0
-0.0081998,0.0042273,0.14516,0
-0.010078,-0.070096,0.13737,0
-0.11996,0.027094,-0.093594,0
-0.031447,-0.063451,-0.13737,0
0.022405,-0.0188,0.15175,0
0.10107,-0.10942,0.041182,0
-0.050735,-0.12112,0.08148,0
-0.0023172,-0.14603,0.050547,0
-0.15398,-0.004888,0.012248,0
-3.8762e-18,1.8525e-17,-0.15455,0
-0.03757,-0.065073,0.13505,0
0.0058517,-0.12284,0.093594,0
0.04852,0.10624,0.10121,0
-0.031246,-0.090279,0.12148,0
0.12361,-0.023825,-0.089645,0
0.033143,0.13662,-0.064201,0
-0.10744,-0.024266,0.10841,0
0.028091,0.026785,0.14959,0
0.14898,-0.019013,0.036435,0
-0.0032059,0.0092628,-0.15423,0
-0.038916,0.078522,0.1273,0
-0.0016349,0.10303,0.11518,0
-0.020345,-0.097234,0.11839,0
-0.039693,-0.14357,-0.041182,0
-0.15258,-0.024415,-0.002452,0
-0.091503,0.054783,-0.11185,0
0.061579,-0.099246,-0.10121,0
-0.1416,-0.041577,0.045888,0
-0.13395,-0.048753,-0.059708,0
0.085881,0.063233,0.11185,0
-0.081055,0.1065,0.077273,0
0.099206,-0.055197,0.10486,0
-0.012604,-0.0075462,0.15385,0
-0.047311,-0.032571,0.14348,0
-0.082499,-0.1084,-0.072987,0
0.052858,0,-0.14523,0
-0.0090729,0.032817,-0.15075,0
0.11945,0.047822,0.085606,0
0.053151,-0.074641,0.12445,0
0.12256,-0.090239,-0.026837,0
-0.066389,0.0021075,-0.13954,0
-0.019476,0.0018597,0.1533,0
0.044915,0.14445,-0.031652,0
0.10608,0.089008,-0.068628,0
-0.0043583,0.0022469,0.15447,0
0,0,0.15455,0
0.092089,-0.11335,-0.050547,0
-0.037614,0.043409,-0.14348,0
-0.12134,-0.095425,-0.0073536,0
0.066392,-0.12391,0.064201,0
-0.0066216,-0.083291,-0.13001,0
-0.10989,-0.048092,-0.097449,0
0.062391,-0.13662,-0.036435,0
0.039615,0.063848,-0.13505,0
-0.13652,-0.07038,0.01713,0
0.014318,-0.046049,0.14683,0
-0.024091,0.016585,-0.15175,0
0.095534,-2.3399e-17,-0.12148,0
0.029263,0.054617,0.14158,0
-0.048705,0.038302,-0.14158,0
0.13035,-0.062049,-0.055155,0
0.0092609,-0.083039,0.13001,0
-0.0036543,-0.0032694,-0.15447,0
-0.0061965,0.043097,0.14829,0
0.014661,0.00093173,-0.15385,0
-0.010197,0.12827,-0.085606,0
-0.052194,0.0083516,0.14523,0
-0.099992,0.10159,0.059708,0
-0.14071,0.06158,-0.01713,0
-0.058442,0.13952,0.031652,0
-0.14603,0.042879,0.026837,0
-0.051987,-0.059996,-0.1326,0
0.12942,0.042507,0.072987,0
0.016357,0.14667,-0.045888,0
0.089103,0.096467,-0.08148,0
0.13142,0.025329,-0.077273,0
-0.13784,-0.013163,0.068628,0
0.14346,-0.057432,0.002452,0
-0.057079,0.085793,-0.11518,0
0.055878,-0.035911,0.13954,0
-0.024118,-0.03625,-0.14829,0
-0.114,0.102,-0.021994,0
0.0067399,-0.038224,-0.14959,0
0.020542,0.013202,-0.1526,0
0.00046639,0.0097908,0.15423,0
0.096457,0.11873,0.021994,0
-0.086105,0.03134,-0.12445,0
0.11396,-0.037428,0.097449,0
0.10448,-0.099626,0.055155,0
-0.04967,0.086031,-0.11839,0
0.15406,-0.0097908,0.0073536,0
0.02186,0.12398,0.089645,0
0.0069822,0.018276,-0.1533,0
0.027972,0.039282,-0.14683,0
0.10989,-0.028512,-0.10486,0
0.086931,0.011094,-0.1273,0
-0.017129,-0.017403,0.1526,0
0.030743,0.014634,0.15075,0
0.018716,-0.077149,0.1326,0
0.096249,0.053551,-0.10841,0
0.054982,-0.14391,-0.012248,0
0.062699,-0.13729,-0.06322,0
0.079575,0.12825,0.06322,0
0.10317,0.12699,-0.0025962,0
-0.1075,0.096173,0.077281,0
-0.081561,0.14127,0.012968,0
-0.13463,-0.092687,0.0077861,0
-0.059743,-0.14263,0.05352,0
-0.039316,0.11359,-0.11103,0
0.11592,0.11053,-0.033514,0
0.13222,0.016874,-0.094918,0
0.15645,-0.019966,-0.043605,0
0.12035,0.057289,0.094918,0
0.034251,-0.011249,-0.15962,0
0.037993,0.15661,0.028415,0
0.15464,0,-0.05352,0
0.067968,0.14883,0.0025962,0
0.070188,-0.0044606,0.14775,0
-0.0086468,-0.10876,-0.12195,0
-0.0091989,0.018561,0.16232,0
0.047217,0.15185,0.038579,0
0.034566,-0.14248,0.072665,0
-0.039259,-0.039887,-0.15377,0
-0.082507,-0.10841,-0.090641,0
0.0092272,-0.024152,-0.16158,0
0.026432,0.049332,0.15377,0
0.097021,-2.3763e-17,0.13177,0
-1.8359e-17,8.0345e-18,-0.16364,0
0.035278,0.04954,-0.15191,0
-0.0016688,0.10517,0.12535,0
-0.13072,0.038383,0.090641,0
-0.0010633,-0.0050818,-0.16355,0
-0.0029481,-0.020504,-0.16232,0
0.0083575,0.0061535,-0.16331,0
0.03978,0.010321,-0.15839,0
0.083887,0.0053312,0.1404,0
-0.0082523,0.029849,0.16068,0
0.041621,0.10894,0.11479,0
-0.043555,-0.15754,-0.0077861,0
0.070218,-0.066952,-0.13177,0
0.029422,0.0096632,-0.16068,0
0.039697,-0.074092,-0.1404,0
-0.025842,-0.00082032,0.16158,0
-0.056031,-0.084217,0.12863,0
-0.13317,-0.048469,0.081818,0
-0.10328,-0.1192,0.043605,0
0,0,0.16364,0
0.041286,-0.13278,-0.086273,0
-0.12702,0.028688,-0.0991,0
-0.01607,0.11177,-0.11843,0
0.041265,0.044676,0.15191,0
-0.15618,0.0049577,-0.048587,0
-0.080985,-0.14027,-0.023288,0
0.01444,0.0057811,0.1629,0
0.073627,0.014191,-0.14545,0
-0.042593,0.055966,-0.14775,0
-0.025347,0.060513,0.14991,0
0.10372,-0.11229,-0.0584,0
-0.066647,-0.034359,0.14545,0
-0.012693,0.15966,0.033514,0
0.044619,0.024825,-0.15547,0
0.097292,-0.081638,-0.10318,0
0.097911,-0.025404,-0.12863,0
-0.028478,0.1361,0.086273,0
-0.12783,-0.10053,0.018137,0
0.0032737,-0.0040296,0.16355,0
-0.072218,-0.14571,-0.018137,0
-0.036528,0.018832,0.15839,0
-0.028935,-0.083603,-0.13766,0
0.10191,-0.056702,-0.11479,0
-0.14993,-0.044023,0.048587,0
0.028126,0.15951,0.023288,0
-0.06531,-0.0062363,-0.14991,0
0.069726,-0.097917,0.11103,0
-0.068261,0.040868,0.14299,0
0.042799,-0.017134,0.15701,0
-0.10236,0.080494,0.0991,0
0.02692,-0.043387,0.15547,0
-0.07643,0.052618,0.13478,0
0.094996,0.06105,0.11843,0
-0.092165,-0.082458,-0.10716,0
0.025847,-0.14659,-0.067977,0
0.098516,-0.046894,0.12195,0
0.10227,-0.075303,0.10318,0
0.0087309,-0.005611,0.16331,0
-0.11443,0.11626,-0.012968,0
-0.014617,0.00532,-0.1629,0
0.11402,0.095678,0.067977,0
0.0098057,-0.087923,0.13766,0
-0.072885,-0.031898,-0.14299,0
-0.14595,0.013937,-0.072665,0
-0.15094,0.024152,0.0584,0
0.017862,0.16016,-0.028415,0
-0.039554,-0.023681,-0.15701,0
-0.15512,-0.035035,-0.038579,0
-0.14243,-0.02279,-0.077281,0
0.0050048,-0.10506,-0.12535,0
0.0044152,0.092687,-0.13478,0
-0.068502,0.10296,0.10716,0
-0.00057198,-0.036046,0.15962,0
-0.092802,0.1071,-0.081818,0
0.019108,-0.010631,0.17134,0
0.029148,0.16531,0.040722,0
-0.046242,-0.027686,0.1641,0
0.03506,-0.065437,0.15596,0
0.013211,0.11846,0.12501,0
0.10902,0.021012,-0.13232,0
-0.17036,-0.02726,0.0082187,0
-1.281e-17,1.6833e-17,-0.17273,0
0.051138,-0.11198,-0.12116,0
0.099071,0.12195,-0.071754,0
0.15312,-0.061301,0.051286,0
0.024541,0.053738,-0.16231,0
0.064067,-0.0040716,-0.16035,0
0.054391,0.10152,0.12873,0
-0.11318,-0.115,0.061644,0
-0.13756,0.070916,0.076702,0
0.14385,0.068473,-0.066732,0
-0.12916,-0.047011,0.10461,0
-0.13221,0.048122,0.10019,0
0.12487,0.11906,-0.0082187,0
-0.020024,-0.13927,-0.10019,0
0.16549,-0.042939,0.024582,0
-0.13086,0.10291,-0.046027,0
0.15476,-3.7906e-17,-0.076702,0
0.0052067,0.00171,-0.17264,0
0.0086564,-0.013951,0.17195,0
-0.040167,0.035937,-0.1641,0
0.1033,0.11184,0.081574,0
-0.075077,0.15148,-0.035376,0
-0.032541,-0.0031073,0.16961,0
-0.025987,0.12419,0.1172,0
0.026798,-0.0051649,-0.17056,0
-0.0025906,0.032586,-0.16961,0
0.066584,0.042791,-0.15353,0
-0.0094462,-0.11882,-0.12501,0
-0.047035,-0.1359,0.095677,0
-0.074899,0.076096,0.13577,0
-0.15731,0.025172,0.066732,0
0.11459,-0.096152,0.086364,0
-0.04458,-0.01951,0.16573,0
0.1373,0.07639,0.071754,0
-0.0020711,0.13052,-0.11311,0
0.0019558,0.0051194,0.17264,0
0.15508,-0.050932,0.056494,0
-0.035158,-0.16802,0.019145,0
-0.051831,-0.059816,0.15353,0
-0.0742,0.0023554,-0.15596,0
-0.10459,-0.13743,0.0027405,0
0.10726,-0.13202,-0.029994,0
-0.03069,0.111,-0.12873,0
0.014449,-0.046468,-0.16573,0
0.070887,-0.067591,-0.14227,0
0.021977,-0.016181,0.17056,0
0.024144,0.099525,-0.13909,0
0.0081928,-0.17199,0.013689,0
-0.126,-0.11273,0.035376,0
0.072467,0.11679,-0.10461,0
0.064402,-0.09044,0.13232,0
0.081288,0.021091,0.15094,0
0.13028,0.0082793,0.11311,0
-0.10566,0.12194,-0.061644,0
-0.16239,-0.036678,0.046027,0
-0.081614,0.14136,-0.056494,0
0.010867,-0.0013868,-0.17238,0
0.10018,0.14068,-0.0027405,0
0.075032,0.062959,0.14227,0
-0.022824,-0.054489,0.16231,0
0,0,0.17273,0
-0.029019,0.083846,0.1482,0
0.009216,-0.0059227,0.17238,0
-0.14611,0.013951,-0.091066,0
-0.033823,-0.017437,-0.16848,0
0.01035,-0.092808,0.14531,0
-0.11845,0.081547,-0.095677,0
-0.083929,-0.066003,-0.13577,0
-0.09382,0.04106,0.13909,0
-0.023889,0.16615,-0.040722,0
0.062529,-0.029764,-0.15824,0
-0.081916,0.018502,-0.15094,0
0.0080938,0.16991,0.029994,0
-0.13399,-0.0042535,-0.10891,0
0.075199,0.055368,-0.14531,0
0.15985,0.063994,-0.013689,0
0.064196,0,0.16035,0
-0.085485,-0.14806,-0.024582,0
-0.0084478,0.020168,-0.17134,0
0.1033,-0.11184,-0.081574,0
0.026345,0.084725,-0.1482,0
-0.041623,-0.012222,0.16719,0
-0.039861,-0.14418,-0.086364,0
-0.013524,-0.0093104,-0.17195,0
0.14559,0.01858,0.091066,0
-0.016898,-0.034096,0.16848,0
0.038886,-0.16029,-0.051286,0
0.047845,-0.12523,0.10891,0
-0.095088,0.14292,-0.019145,0
-0.066446,0.01951,0.15824,0
-0.024029,-0.036117,-0.16719,0
-0.10562,0.063235,0.12116,0
0.022033,-0.12496,-0.1172,0
-0.01291,-0.1624,0.080739,0
0.16805,-0.043604,0.053986,0
0.0073512,0.15432,0.095859,0
-0.015995,0.11125,-0.14292,0
-0.082694,-0.14323,0.07553,0
0.038414,0.024687,-0.17599,0
-0.14884,0.10247,0.020152,0
0.04273,-0.17614,0.014409,0
0.13101,-0.052448,0.11465,0
-0.0594,0.17162,0.0086513,0
-0.039466,0.14275,0.10546,0
0.099797,0.025894,-0.14976,0
0.036071,0.050655,-0.17085,0
-0.090349,0.080833,-0.1355,0
-0.13506,0.10621,0.059467,0
0.023017,0,-0.18036,0
0.0078695,-0.1652,-0.07553,0
0.016416,-0.14719,-0.10546,0
-0.030584,-0.015767,0.17853,0
-0.13255,0.058008,0.11011,0
-0.0034936,-0.0045905,0.18173,0
0,0,0.18182,0
-0.073432,-0.026727,-0.16417,0
-0.16694,0.015941,0.070245,0
-0.17897,0.0056811,-0.031572,0
-0.15269,0.091416,-0.037238,0
-0.058435,0.10121,-0.13928,0
-0.18097,-0.017281,-0.0028847,0
0.0049885,-0.028291,-0.17953,0
0.064894,-0.12112,0.11907,0
0.011439,0.0014598,0.18145,0
0.11065,-0.081471,-0.11907,0
0.071142,-0.067834,0.15296,0
0.17362,-4.2524e-17,-0.053986,0
-0.14554,-0.1002,0.042865,0
-0.054559,0.062964,-0.16161,0
-0.034446,0.051774,0.17085,0
-0.070778,0.093001,0.13928,0
-0.011997,0.1509,-0.10071,0
-0.0040884,-0.028435,0.17953,0
0.044838,-0.0086418,0.17599,0
0.096522,0.018603,-0.15296,0
-0.080132,-0.047975,0.156,0
0.083016,0.1338,-0.090909,0
0.13786,0.11568,0.025875,0
-0.17897,-0.0056811,0.031572,0
-0.040379,-0.060691,-0.16657,0
-0.13351,-0.10499,0.064888,0
-0.0027261,-0.1718,-0.059467,0
0.062884,-0.1377,0.10071,0
0.059862,-0.05023,0.16417,0
0.032909,-0.046214,-0.17274,0
-0.022084,-0.0064846,0.18036,0
0.042429,0.17489,-0.025875,0
0.030682,0.17401,-0.042865,0
-0.051601,-0.12319,0.12337,0
-0.050063,0.11952,0.12754,0
-0.06201,0.063002,-0.15888,0
0.075688,0.14127,-0.085867,0
0.15294,-0.098286,0.0028847,0
0.095716,0.038319,0.14976,0
-0.098758,-0.043221,-0.14641,0
-0.005535,0.0016252,-0.18173,0
0.056277,-0.007182,0.17274,0
0.12742,0.060652,-0.11465,0
-0.13596,0.049485,-0.11011,0
0.11524,0.12477,-0.064888,0
0.14471,-0.068881,0.085867,0
-0.0035397,0.016917,-0.18099,0
0.011894,-0.03825,-0.17735,0
0.040111,-0.10499,0.14292,0
0.16258,0.010332,-0.080739,0
0.12683,0.12093,0.04845,0
-0.08504,-0.0864,0.1355,0
-0.07782,-0.15702,-0.04845,0
-0.15818,0.081548,0.037238,0
0.07275,-0.0046234,0.16657,0
0.11671,-0.064937,-0.12337,0
0.072804,0.040507,0.16161,0
-0.17715,-0.040011,-0.0086513,0
0.048667,0.015984,0.17445,0
0.048667,-0.015984,-0.17445,0
-0.17679,0.03993,-0.014409,0
-0.066726,0.010677,0.16879,0
0.010898,0.013414,0.18099,0
-0.092223,-0.014757,-0.156,0
0.081454,-0.13128,-0.095859,0
0.031549,0.082578,0.15888,0
2.468e-18,2.2129e-17,-0.18182,0
-0.035258,-0.10187,0.14641,0
-0.00018296,0.01153,-0.18145,0
0.10684,-0.11567,0.090909,0
0.049794,0.16014,-0.070245,0
-0.025697,-0.12281,0.13159,0
0.028072,0.061468,-0.16879,0
0.14551,0.10714,-0.020152,0
0.025258,-0.03109,0.17735,0
-0.022533,-0.026005,-0.17853,0
-0.033434,-0.12093,-0.13159,0
-0.096572,-0.0864,-0.12754,0
0.12255,-0.068184,0.12953,0
0.048937,-0.078871,0.16683,0
-0.0037998,0.047796,0.18479,0
-0.1317,-0.067897,-0.12038,0
0.071734,0.11561,-0.13392,0
-0.18887,0.018035,-0.02116,0
-0.0080585,-0.01626,0.19004,0
-0.030163,0.1091,-0.15373,0
-0.00085336,-0.053779,-0.18318,0
-0.041787,0.042455,0.18138,0
0.06868,-0.01782,0.17723,0
0.070445,-0.051867,-0.16969,0
-0.14854,-0.11681,0.027169,0
0.056884,0.079882,0.1638,0
-0.16662,0.048925,0.079307,0
-0.012084,0.02093,0.18937,0
0.033609,-0.10809,0.15373,0
0.14104,-0.056462,0.11562,0
0.043292,0.020607,-0.18479,0
0.0021026,-0.011924,0.19052,0
-0.073673,-0.17589,0.0090838,0
-0.062507,0.082133,-0.1606,0
-0.072037,0.14535,-0.10065,0
-0.035676,-0.0057086,0.18746,0
0.020206,0.18118,0.056685,0
-0.06115,0.05471,-0.17238,0
-0.13841,0.10885,0.073757,0
0.15445,-0.073518,0.084776,0
-0.059966,0.090131,0.15725,0
-0.070918,-0.0022512,-0.17723,0
-0.011654,0.027822,0.18851,0
-0.014809,-0.18627,-0.039099,0
0.03634,-0.079574,0.16969,0
0.031572,0.017566,-0.18746,0
0.1418,0.1044,-0.073757,0
-0.085014,-0.058528,0.1606,0
0.045003,-0.1855,-0.003029,0
-0.0051969,0.0031114,-0.19081,0
-0.16857,-0.073774,0.050872,0
-0.12182,-0.12376,-0.079307,0
-0.026403,-0.18364,-0.045009,0
-0.043089,-0.1245,0.13817,0
-0.091454,-0.081822,-0.14624,0
-0.098016,0.0031114,-0.1638,0
0.18477,0.04794,0.003029,0
0.0084837,-0.07607,-0.17489,0
-0.12379,-0.074113,-0.12502,0
-0.015676,0.074919,0.17489,0
0.024352,0.13811,-0.12953,0
0.12485,-0.13517,-0.050872,0
-0.0026699,0.16826,-0.090161,0
-0.10827,-0.12495,0.095455,0
0.17798,0.011311,0.068133,0
0.064601,0.14146,-0.11074,0
-0.052464,-0.011849,0.18318,0
0.18725,-0.036089,-0.0090838,0
-0.13558,-0.049346,0.12502,0
-0.17929,-0.052645,0.039099,0
-0.099175,0.043403,-0.15725,0
0.075065,0.1401,-0.10575,0
1.4742e-17,-1.8146e-17,-0.19091,0
-0.018065,-0.001725,-0.19004,0
0.18878,-0.024092,0.01513,0
0.11659,0.038291,0.14624,0
0.13194,-0.1258,-0.056685,0
0.041975,-0.0026676,-0.18622,0
-0.11814,0.13634,-0.06244,0
0,0,0.19091,0
0.13661,0.11463,-0.068133,0
0.037473,0.15446,0.10575,0
-0.016795,0.11681,-0.15006,0
-0.093212,-0.1401,0.090161,0
0.064115,0.012357,-0.1794,0
0.14578,-0.12233,-0.01513,0
0.0070504,-0.14801,0.12038,0
0.056108,0.18044,-0.027169,0
0.057894,-0.15154,0.10065,0
-0.16864,0.086941,0.02116,0
-0.16953,0.061704,0.06244,0
-0.013373,-0.063911,0.1794,0
-0.11386,-0.14961,-0.033151,0
0.053841,-0.075608,-0.16683,0
-0.16326,0.026123,-0.095455,0
0.012108,-2.9657e-18,-0.19052,0
-0.092764,-0.16067,0.045009,0
0.10709,-0.068819,-0.14228,0
-0.0049891,0.0034348,0.19081,0
0.12231,0.048964,-0.13817,0
-0.013756,0.039746,0.18622,0
0.11255,0.10731,0.11074,0
0.11212,-0.036824,0.15006,0
0.13497,0.017224,0.13392,0
0.080784,-0.15078,-0.084776,0
-0.03392,-0.12269,0.14228,0
0.054218,0.14191,-0.11562,0
0.0011499,0.02414,-0.18937,0
-0.029423,0.0066454,-0.18851,0
0.05957,0,-0.18138,0
0.15816,0.10165,0.033151,0
0.055673,0.060275,0.17238,0
-0.028718,-0.068561,-0.18567,0
0.10739,0.079067,-0.14905,0
0.10401,-0.06684,-0.15721,0
-0.026253,-0.18259,-0.077269,0
-0.038172,0.077019,-0.18059,0
0.076183,-0.025021,-0.18322,0
0,0,0.2,0
0.062407,0,0.19001,0
-0.019137,-0.025146,-0.19749,0
-0.036317,-0.010664,-0.19639,0
-0.18265,0.079934,-0.01585,0
0.094488,0.052572,0.16825,0
0.038232,0.041392,0.1919,0
-0.00020126,-0.012683,-0.1996,0
0.013284,-0.054758,-0.1919,0
0.14297,0.091879,-0.10545,0
-0.088713,-0.179,0.0095164,0
0.082822,-0.18135,0.01585,0
-0.15891,-0.035892,-0.11601,0
-0.015333,0.020147,-0.19839,0
0.116,-0.16289,-0.0031732,0
-0.11842,0.070896,0.14475,0
-0.065405,0.18898,0.0031732,0
-0.0089879,0.11306,0.16474,0
0.0075176,0.024177,0.19839,0
-0.041365,0.14962,0.12611,0
-0.0063169,0.00060319,-0.1999,0
-1.2246e-17,-2.1212e-17,-0.2,0
-0.033601,-0.097085,-0.1716,0
0.10437,0.16822,0.028463,0
0.13208,-0.073489,0.13097,0
-0.13397,-0.13611,0.059384,0
-0.1776,-0.064642,-0.065414,0
-0.088145,0.15267,0.094454,0
-0.087328,-0.10078,0.14905,0
-0.14861,-0.088972,-0.1,0
0.14775,0.059151,0.12112,0
0.16889,-0.067615,-0.083083,0
0.15628,-0.03012,-0.12112,0
-0.1039,-0.04547,-0.16474,0
-0.064062,-0.057315,0.18059,0
0.062916,-0.16468,-0.094454,0
0.0087775,0.18426,0.077269,0
0.040448,-0.029782,0.19359,0
-0.16606,-0.08561,0.071377,0
0.067452,0.17655,0.065414,0
0.12344,0.15194,-0.040961,0
0.10939,-0.10431,-0.13097,0
-0.096018,0.015364,0.17477,0
-0.095809,0.085718,-0.15321,0
0.0037664,-0.012113,0.1996,0
-0.19012,-0.018154,-0.059384,0
0.030587,-0.0079363,0.19749,0
-0.1597,0.058125,0.10545,0
0.16456,0.054046,0.1,0
0.061315,-0.075472,-0.17477,0
0.14225,-0.0090404,-0.14029,0
-0.028431,0.19774,-0.0095164,0
-0.01663,-0.06015,-0.19001,0
0.061032,0.13364,-0.1357,0
0.020809,-0.038839,-0.19509,0
-0.03789,0.056951,0.18794,0
-0.10766,-0.16182,-0.047152,0
-0.17134,0.088332,0.053295,0
0.036064,-0.058125,-0.18794,0
-0.13017,0.15022,0.022168,0
0.077616,0.020139,0.18322,0
-0.014944,0.011752,0.19909,0
-0.13795,0.004379,-0.14475,0
0.10395,0.14597,0.088813,0
0.034176,0.016268,0.19639,0
-0.16306,-0.11226,-0.028463,0
0.15088,-0.1266,0.03473,0
0.11763,0.015012,0.16105,0
0.014249,0.12777,0.15321,0
0.14426,0.027804,0.1357,0
0.018858,-0.0024067,-0.19909,0
0.017525,0.072237,0.18567,0
0.023722,0.044275,-0.19359,0
-0.14985,0.10316,0.083083,0
-0.0044513,0.0045225,0.1999,0
0.018456,-0.16549,0.11078,0
0.17947,-0.085429,-0.022168,0
0.11858,-2.9044e-17,-0.16105,0
0.0077518,-0.16273,0.11601,0
-0.10375,0.030463,-0.16825,0
0.14225,0.0090404,0.14029,0
-0.03948,-0.18868,-0.053295,0
0.026955,0.15287,-0.12611,0
-0.015403,-0.19375,0.047152,0
-0.19566,-0.0062111,0.040961,0
0.021468,-0.12175,0.15721,0
-0.16242,0.036685,-0.11078,0
-0.076095,0.18167,-0.03473,0
-0.001454,0.091634,-0.17777,0
-0.01877,0.089703,0.17777,0
0.0787,0.066037,0.1716,0
0.031889,0.030406,0.19509,0
-0.17695,-0.028314,-0.088813,0
0.12677,-0.13724,-0.071377,0
0.089723,0.08555,-0.16837,0
0.022416,0.024268,0.20646,0
0.060333,-0.19403,0.049295,0
-0.019127,-0.13303,0.16017,0
-0.071311,-0.072452,-0.18271,0
0.024287,0.039143,-0.20395,0
0.16505,-0.021063,-0.12663,0
0.02213,-0.19843,0.062083,0
-0.083789,0.0026598,0.19155,0
-0.0073457,0.011041,0.20867,0
0.12,-0.031135,0.16837,0
-0.1529,0.0146,-0.14187,0
0.12316,0.1516,0.074622,0
0.089797,-0.14473,0.12128,0
0.00615,-0.12911,-0.16436,0
-0.0014258,0.089855,-0.18879,0
-0.10862,-0.047537,0.17222,0
0.16432,-0.1056,-0.074622,0
0.016438,-0.035995,-0.20531,0
-0.0065507,0.0010482,0.20899,0
-0.087383,-0.11482,-0.15133,0
-0.20603,-0.019673,0.029757,0
0.1635,-0.077826,-0.10455,0
-0.049112,-0.17764,-0.098748,0
0.043451,-0.17911,0.098748,0
0.041482,0.058253,-0.19648,0
-0.12306,0.1617,-0.049295,0
0.048793,0.20113,-0.029757,0
0.18396,0.035455,0.09285,0
0.030852,0.17497,0.11024,0
0.0082832,0.17389,0.11582,0
0.039801,0.087153,0.18585,0
0.1209,-0.16978,-0.01657,0
0.10204,0.033514,0.1794,0
-0.038369,0.18337,-0.09285,0
-0.13652,-0.070382,0.14187,0
0.036701,0.068499,0.19411,0
-0.033237,-0.15885,0.13184,0
0.15911,-0.11715,-0.068387,0
-0.062207,-0.17974,0.08686,0
-0.17203,0.11843,-0.0099489,0
-0.070335,0.081171,-0.1794,0
-0.002563,0.0061189,-0.20899,0
-0.18938,0.068928,-0.055717,0
-0.15473,0.079769,-0.11582,0
-0.11714,0.092117,0.14667,0
-0.073887,0.14908,0.12663,0
-0.15019,-0.13437,0.055717,0
-0.19963,0.045088,-0.042823,0
-0.19939,0.058545,-0.023175,0
-0.001051,0.01322,-0.20867,0
0.045694,0.0058315,0.20395,0
-0.098415,-0.14792,-0.11024,0
0.027734,0.072594,-0.19411,0
0.12477,0.049952,-0.16017,0
0.03563,-0.038575,0.20239,0
-0.14621,0.14855,0.01657,0
-0.080771,-0.19283,0.0033174,0
0.11993,-0.14762,-0.08686,0
-0.042546,-0.085846,-0.18585,0
-0.0046684,-0.058722,0.20062,0
-0.091298,-0.10536,-0.15583,0
-8.375e-18,2.4198e-17,-0.20909,0
-0.021802,-0.01501,0.20741,0
0.12105,-0.10157,-0.13693,0
0.19292,-0.077232,0.023175,0
0.1009,-0.096208,0.15583,0
0.026416,0.0016788,-0.20741,0
-0.054871,0.19847,0.036308,0
0.19326,0.050145,-0.062083,0
-0.18812,-0.042488,0.080781,0
-0.041915,-0.0726,-0.19155,0
-0.1238,0.074118,0.15133,0
0.07853,-0.043693,0.18879,0
0.01179,-0.030861,-0.20646,0
0.13047,0.10948,-0.12128,0
0.20425,-0.01298,0.042823,0
0.058908,-1.4428e-17,-0.20062,0
0.057013,0.031721,0.19865,0
0.11304,0,-0.1759,0
-0.016874,0.11736,-0.17222,0
0.018883,-0.0062018,-0.20814,0
0,0,0.20909,0
-0.018208,0.0079686,0.20814,0
-0.11162,-0.017861,0.1759,0
-0.097541,-0.028641,0.18271,0
-0.12095,0.10821,-0.13184,0
0.098636,-0.1841,0.0099489,0
0.012418,-0.070427,0.19648,0
0.17413,0.082888,-0.080781,0
-0.14894,-0.004728,-0.14667,0
-0.15532,-0.12214,0.068387,0
0.10873,0.069879,0.16436,0
0.015592,0.050145,-0.20239,0
-0.17016,-0.061932,0.10455,0
0.031865,0.023462,0.20531,0
-0.10453,0.18106,-0.0033174,0
-0.0010351,-0.065235,-0.19865,0
0.20219,-0.03897,-0.036308,0
-0.13558,-0.081171,0.13693,0
-0.0057019,-0.0039254,-0.21807,0
0.050348,-0.20754,0.044685,0
-0.084933,0.1116,0.16714,0
0.13912,0.017754,-0.16714,0
-0.15797,-0.081439,0.12656,0
0.049477,-0.023551,0.21119,0
0,0,0.21818,0
-0.092697,-0.16056,-0.11503,0
-0.19424,0.08501,0.051438,0
0.046167,-0.12084,0.1757,0
0.017765,0.15929,0.14804,0
-1.1865e-17,-2.3941e-17,-0.21818,0
0.20705,0.068003,0.010382,0
-0.0034091,-0.21484,-0.037887,0
0.058847,0.15403,0.14288,0
-0.056907,-0.20584,-0.044685,0
-0.058074,0.21005,-0.010382,0
-0.049244,0.14228,-0.15791,0
0.15203,0.12757,0.090636,0
0.092697,-0.051575,0.19066,0
0.053936,-0.17346,-0.12086,0
0.11087,0.17869,-0.05814,0
0.037501,0.21268,0.031051,0
-0.13502,-0.15582,0.07136,0
-0.061191,0.005843,0.20934,0
0.17514,0.12895,0.017291,0
-0.049988,0.086582,0.19393,0
-0.019489,0.0070933,0.21719,0
0.1168,0.055599,-0.1757,0
-0.12011,-0.18053,0.024183,0
0.17952,-0.058959,0.10909,0
-0.16773,-0.10042,0.096887,0
-0.020584,0.018416,-0.21643,0
0.027002,-0.15313,-0.15305,0
-0.011529,-0.14502,-0.1626,0
-0.15303,-0.15548,0.0034617,0
-0.10178,0.029886,-0.19066,0
-0.12598,0.099075,-0.14804,0
-0.06878,-0.19873,0.05814,0
-0.030734,0.21376,-0.031051,0
-0.21411,0.034261,-0.024183,0
0.10951,0.043841,0.18355,0
-0.020476,-0.097857,-0.19393,0
0.063696,-0.11888,-0.1715,0
-0.11089,0.12798,-0.13758,0
0.017447,-0.011213,-0.21719,0
-0.0059138,0.074388,0.20502,0
0.21487,0,0.037887,0
0.0038584,0.080998,-0.20255,0
-0.15542,-0.0049336,0.15305,0
-0.0014178,0.0067757,0.21807,0
0.11796,-2.8891e-17,-0.18355,0
-0.15527,-0.13892,-0.064783,0
-0.050631,0.034857,-0.20934,0
0.093019,-0.011871,0.197,0
-0.12617,-0.16579,0.064783,0
0.034404,0.0021864,0.21544,0
0.090826,0.16952,-0.10304,0
0.15345,0.14632,-0.051438,0
0.0091508,-0.1921,0.10304,0
0.021737,-0.026756,-0.21544,0
-0.068046,0.00216,0.20729,0
-0.096583,0.19487,-0.017291,0
0.16929,0.1088,-0.084293,0
0.11188,-0.12113,-0.14288,0
0.21421,-0.041286,-0.0034617,0
0.16628,0.032048,0.13758,0
0.15613,-0.13101,-0.077866,0
0.10746,-0.17319,0.077866,0
0.065898,-0.017098,-0.20729,0
0.050741,-0.071256,0.19988,0
-0.17429,-0.051177,0.12086,0
0.16118,-0.064528,-0.13213,0
0.1951,-0.012399,-0.096887,0
-0.14117,0.14342,0.084293,0
0.017153,-0.03756,0.21424,0
-0.045169,-0.01644,0.21282,0
-0.02455,0.012656,0.21643,0
-0.12068,-0.027257,0.17971,0
0.032614,0.03531,-0.21282,0
-0.073711,-0.057967,-0.197,0
0.10071,0.14143,0.13213,0
-0.0017782,0.11206,-0.1872,0
0.085043,0.10468,0.1715,0
0.033277,0.10702,0.1872,0
-0.1419,0.03205,0.1626,0
-0.0834,0.12535,0.15791,0
-0.0053462,0.012763,-0.21774,0
0.030999,0.067879,-0.20502,0
0.0015338,-0.013753,0.21774,0
0.16603,-0.12225,-0.07136,0
0.13675,-0.13039,-0.10909,0
0.17945,0.046561,0.11503,0
-0.17028,0.10195,-0.090636,0
-0.041104,-0.003925,-0.21424,0
-0.0077983,-0.054238,-0.21119,0
-0.074287,-0.032511,0.20255,0
0.029169,0.12023,-0.17971,0
-0.17549,-0.028081,-0.12656,0
0.076441,0.04253,-0.19988,0
-0.15688,-0.057101,-0.15421,0
0.0078603,-0.07048,-0.21593,0
-0.19882,0.087011,0.067482,0
0.13795,-0.026588,-0.17865,0
0.073614,-0.090611,-0.195,0
0.17321,0.033383,0.14331,0
0.18905,0.075683,-0.10092,0
-0.16887,0.1011,0.11364,0
-0.068062,-0.1023,0.19119,0
0.054082,-0.14156,0.16938,0
-0.027606,0.0081057,0.22544,0
0.10851,0.079895,-0.18302,0
0.12766,-0.12173,-0.14331,0
0.11992,0.1684,-0.094413,0
0.062951,0.13784,-0.16938,0
-0.076273,0.1539,-0.14883,0
-0.064873,-0.13089,0.1741,0
-0.0035692,-0.22493,-0.032344,0
0.20969,-0.083948,-0.02519,0
-0.21134,0.020181,-0.081111,0
-0.0050744,0.063829,0.21807,0
-0.19069,-0.030513,-0.11982,0
0.034758,0.0090186,0.22442,0
-0.095281,-0.02152,-0.20521,0
-0.021442,-0.019184,-0.22544,0
1.3243e-18,2.7801e-17,-0.22727,0
-0.031109,-0.11252,0.195,0
0.13102,-0.18399,0.02519,0
-0.030214,0.21015,0.081111,0
0.15854,0.15117,0.060562,0
-0.014068,-0.040646,-0.22317,0
0.063901,0.004061,-0.21807,0
0.016549,-0.013887,0.22624,0
-0.13414,-0.012809,0.18302,0
-0.082393,0.018609,0.21099,0
-0.14874,-0.11697,-0.12589,0
-0.11362,0.11544,-0.15943,0
0.21525,-0.070694,-0.018011,0
0.2092,-0.013295,0.087806,0
0.1739,0.14592,-0.010814,0
-0.13555,-0.17811,0.039465,0
0,0,0.22727,0
0.10641,0.11521,-0.16449,0
0.052186,-0.0974,-0.1986,0
-0.013901,-0.096686,0.20521,0
0.19658,-0.10937,0.032344,0
-0.0036054,0.0062448,0.22716,0
-0.085625,0.031165,0.20821,0
0.17085,0.081326,0.12589,0
-0.083846,-0.20017,-0.067482,0
-0.11362,-0.1968,0.0036059,0
0.078824,0.20632,-0.053582,0
-0.0028694,0.18083,0.13764,0
0.14027,0.17266,0.046547,0
-0.1769,0.12179,-0.074334,0
0.095351,-0.15368,-0.13764,0
-0.18375,-0.094731,0.094413,0
0.017397,-0.012809,-0.22624,0
-0.043057,0.064717,0.21357,0
0.099,0.18478,-0.087806,0
-0.12889,0.14875,-0.11364,0
0.0036986,-0.077644,-0.21357,0
0.043646,-0.17991,-0.13183,0
0.035909,0,-0.22442,0
-0.095406,-0.041754,0.20201,0
0.025368,0.14387,-0.1741,0
0.048466,-0.012575,-0.22169,0
-0.20023,-0.0063561,-0.10733,0
-0.0088091,-0.0421,0.22317,0
0.18068,0.11612,0.074334,0
-0.16579,0.14833,-0.046547,0
-0.094807,-0.056761,0.1986,0
0.070346,-0.0089775,0.21593,0
-0.1348,-0.039581,0.17865,0
0.019914,0.082088,-0.21099,0
-0.010214,-0.12847,0.1872,0
-0.071646,0.20701,-0.060562,0
0.19558,0.10882,-0.039465,0
0.015823,-0.089736,-0.20821,0
-0.032789,-0.037841,0.22169,0
0.0072109,-1.7662e-18,-0.22716,0
0.098943,0.032496,-0.20201,0
-0.1696,0.027139,0.14883,0
-0.1518,0.11938,0.11982,0
0.1099,-0.11899,0.15943,0
-0.04004,-0.04068,-0.21999,0
-0.15676,0.0049761,0.16449,0
-0.058855,0.21288,0.053582,0
0.10736,0.17303,0.10092,0
0.005988,-0.013112,0.22682,0
-0.046401,0.22176,0.018011,0
-0.078049,0.10256,-0.1872,0
-0.050734,0.026155,0.21999,0
-0.047471,0.11333,-0.19119,0
0.00428,0.013764,-0.22682,0
0.067405,-0.21678,0.010814,0
-0.16501,-0.1136,0.10733,0
0.22542,0.028767,-0.0036059,0
0.16716,-0.079568,0.13183,0
0.14045,-0.090261,0.15421,0
-0.037344,0.13507,-0.19034,0
0.031352,-0.082063,0.21943,0
-0.14089,0.14314,0.12462,0
0.029681,-0.0037879,-0.23446,0
0.13695,0.19232,0.011247,0
-0.11745,-0.20344,0.026198,0
0.21102,-0.054753,0.091318,0
-0.047383,0.082069,0.21653,0
-0.09402,-0.095524,0.19469,0
-0.059093,-0.0056427,0.22879,0
0.19582,0.12585,0.041044,0
-0.1817,0.10879,-0.10496,0
-0.035094,-0.012773,0.23339,0
-0.10023,0.20223,-0.070181,0
0.051012,0.042804,0.22679,0
0.022261,-0.19961,-0.12462,0
-0.0016118,-0.10158,0.21342,0
-2.7774e-17,-8.1551e-18,-0.23636,0
-0.01192,-0.043115,-0.23209,0
0.15327,-0.14615,0.10496,0
-0.15134,-0.11902,0.1371,0
-0.048111,0.22993,-0.026198,0
0.038455,0.15851,-0.17106,0
0.1029,-0.033796,-0.21009,0
0.040626,0.2304,-0.033638,0
-0.19697,0.086202,-0.098189,0
-0.11323,-0.1013,0.18107,0
0.02466,0.053998,-0.22879,0
0.14493,0.018496,-0.18579,0
0.055848,-0.17961,0.14314,0
0.069004,0.12879,0.18579,0
-0.1121,0.025318,-0.20655,0
-0.0024105,0.15191,-0.18107,0
0.1061,0.059031,-0.2028,0
-0.060002,-0.17336,-0.14904,0
0.001768,-0.0072879,0.23624,0
-0.022456,-0.00071286,-0.23529,0
-0.20417,0.10526,-0.055725,0
0.12192,0.11625,0.1658,0
0.011008,-0.23109,0.048409,0
0.090942,0.098459,-0.19469,0
0,0,0.23636,0
0.08626,-0.016625,-0.21943,0
0.17827,-0.01133,-0.15479,0
-0.026596,-0.013711,0.23446,0
0.20498,0.082063,-0.084355,0
0.045606,0.11937,-0.19884,0
0.092938,-0.17346,0.13093,0
-0.086296,-0.20602,0.077307,0
-0.11541,-0.17346,-0.11163,0
-0.12887,0.14872,-0.13093,0
0.12335,-0.1988,0.033638,0
0.11469,0.0072886,0.20655,0
0.12495,-0.10484,0.17106,0
-0.075966,0.027649,-0.22211,0
-0.0094769,-0.065914,-0.22679,0
0.12548,0.024184,0.19884,0
0.0038466,0.08075,0.22211,0
0.19822,-0.12739,-0.018732,0
-0.11909,0.17901,0.098189,0
-0.13669,0.17961,0.070181,0
-0.07951,-0.091759,0.2028,0
-0.070766,0.020779,-0.22456,0
-0.046658,-0.22299,0.062985,0
0.10693,-0.11577,0.17615,0
-0.16647,0.14893,-0.077307,0
-0.20573,-0.032919,0.11163,0
-0.060002,0.17336,0.14904,0
0.032835,-0.040417,0.23056,0
0.060779,0.19547,-0.11818,0
-0.00059432,-0.0074757,-0.23624,0
0.15504,0.11416,-0.1371,0
-0.10515,-0.13817,0.16037,0
-0.22959,0.0072879,0.055725,0
-0.16769,0.016013,-0.1658,0
-0.022186,0.0035499,0.23529,0
0.090565,-0.19831,-0.091318,0
0.039089,-0.021749,0.23209,0
-0.19407,-0.13361,0.018732,0
0.1246,0.20082,-0.0037501,0
0.0026032,-0.014763,-0.23589,0
-0.19546,-0.11702,-0.062985,0
-0.089931,0.2147,-0.041044,0
0.091417,-0.12838,-0.17615,0
-0.15492,0.10666,-0.14314,0
0.059755,0.073552,-0.21653,0
0.034671,-0.01388,-0.23339,0
0.20977,0.068897,0.084355,0
-0.029131,0.20261,0.11818,0
-0.15906,-0.069614,-0.16037,0
0.10484,0.027201,0.21009,0
-0.11016,0.08663,0.19034,0
0.10159,-2.4882e-17,-0.21342,0
0.2361,0,-0.011247,0
0.14385,-0.10591,0.15479,0
-0.018729,0.23559,0.0037501,0
0.0081747,0.073299,0.22456,0
0.013536,-0.0064431,0.23589,0
-0.023124,-0.046657,-0.23056,0
-0.22567,-0.05097,-0.048409,0
0.027175,-0.24367,0.011679,0
-0.22231,-0.080915,-0.065407,0
0.10164,0.22257,-0.019452,0
-0.0031884,0.015238,-0.24496,0
0.15095,-0.14393,-0.12941,0
-2.6718e-17,-1.3774e-17,-0.24545,0
0.15651,-0.019973,0.18803,0
0.19833,0.025311,0.14238,0
0.087607,-0.16351,-0.16074,0
-0.040949,-0.1957,-0.14238,0
0.22194,-0.057586,-0.087599,0
-0.22226,0.021223,0.10197,0
-0.17287,-0.15466,0.08028,0
-0.079061,0.22843,-0.042623,0
0.17423,-0.12828,-0.11592,0
-0.056226,-0.13423,0.19766,0
-0.13104,-0.020967,-0.20649,0
-0.10789,0.21769,-0.034932,0
0.068731,0.12828,-0.19766,0
0,0,0.24545,0
-0.064414,-0.23299,0.042623,0
0.16432,-0.1056,-0.14865,0
0.069594,-0.22381,0.07288,0
0.052916,0.074311,-0.22787,0
0.038771,0.21988,-0.10197,0
0.11623,-0.09753,0.19294,0
-0.21982,0.0069778,-0.109,0
-0.075217,-0.15177,0.17764,0
-0.10628,-0.18409,0.12273,0
-0.024896,-0.17315,0.17218,0
-0.18538,0.095572,0.12941,0
-0.22923,0.083433,-0.027206,0
0.040701,-0.23082,-0.07288,0
-0.1348,0.092806,0.18293,0
0.024491,-0.039472,0.24102,0
-0.094723,0.22614,-0.011679,0
0.0077721,0.00049393,0.24533,0
-0.10304,0.045094,0.21817,0
-0.21852,-0.095636,-0.057868,0
-0.099362,-0.11467,-0.19294,0
-0.0038821,0.24465,0.019452,0
-0.13355,0.039214,0.20218,0
0.010563,0.011436,0.24496,0
-0.097965,-0.0093545,0.22486,0
-0.037829,0.0085441,0.24237,0
0.075387,0.063257,-0.22486,0
0.011257,0.23631,0.065407,0
-0.025594,-0.01762,-0.24348,0
0.24025,0,0.050271,0
0.2216,-0.10548,-0.0038944,0
-0.072028,-0.043123,0.23065,0
0.16739,0.067014,-0.16654,0
-0.10941,0.08604,-0.20218,0
-0.19041,-0.0060444,0.15477,0
0.11596,0.06452,0.20649,0
-0.18094,-0.040868,0.16074,0
-0.17043,-0.17315,0.034932,0
0.08706,-0.22788,0.027206,0
0.20942,0.054338,0.11592,0
-0.039856,0.023862,-0.24102,0
-0.12376,0.16262,0.13596,0
-0.066104,-0.099358,-0.21449,0
-0.16872,0.15095,0.09483,0
0.0090648,-0.19029,-0.15477,0
-0.054976,0.063445,-0.23065,0
-0.0038939,-0.24539,0.0038944,0
-0.01441,0.052121,-0.23942,0
0.17177,0.033106,-0.17218,0
0.16366,-4.0086e-17,-0.18293,0
-0.0054803,-0.068935,0.23551,0
0.1191,-0.007569,0.21449,0
0.05723,-0.022911,0.23759,0
0.056308,0.14739,-0.18803,0
-0.030485,-0.023974,-0.24237,0
0.20196,0.066329,-0.12273,0
0.050048,0.047721,-0.23551,0
0.021649,0.19412,0.14865,0
0.20944,0.099693,-0.08028,0
0.052916,-0.074311,0.22787,0
-0.0083605,0.10516,-0.22163,0
0.15149,0.18647,-0.050271,0
0.033396,0.1074,-0.21817,0
-0.090154,0.15615,0.16654,0
0.029521,-0.0096957,0.24348,0
-0.037333,-0.049055,-0.23759,0
0.015831,-0.017139,0.24434,0
0.10153,0.074756,-0.2106,0
-0.10122,-0.029721,0.22163,0
0.051849,-0.21373,0.109,0
0.02291,-0.0044156,-0.24434,0
-0.23554,0.037689,0.057868,0
0.054057,0.22283,0.087599,0
-0.15881,0.16135,-0.09483,0
0.045492,0.029236,0.23942,0
-0.024106,0.16766,-0.17764,0
-0.02505,-0.072378,0.2332,0
0.10774,0.17365,-0.13596,0
0.0049106,-0.0060444,-0.24533,0
0.11018,-0.061302,0.2106,0
-0.042425,0.063767,-0.2332,0
0.048884,-0.2015,-0.14765,0
0.21411,0.1376,-0.0040386,0
0.082957,0.15483,-0.18422,0
-0.22344,-0.081327,-0.090844,0
0.060844,-0.051054,0.24184,0
0.11791,-0.14513,-0.17271,0
-0.059334,0.17144,0.17856,0
-0.14568,-0.19142,-0.083254,0
0.15062,0.0095721,0.20498,0
-0.11338,-0.049619,-0.22243,0
-0.24625,0.023514,0.060011,0
0.18032,-0.17193,0.052133,0
0.14318,0.018273,0.20966,0
0.003355,0.0073464,0.25442,0
-0.10279,0.13506,0.1897,0
0.048582,0.15624,0.19499,0
-0.035976,0.17193,0.18422,0
3.0922e-17,-3.9462e-18,-0.25455,0
-0.10128,0.20435,-0.11304,0
0.061495,0.099112,0.22625,0
-0.094524,-0.10909,-0.20966,0
-0.035857,0.062106,-0.24423,0
0.15327,0.18865,-0.07558,0
0.089464,0.23417,-0.044201,0
-0.03384,-0.23536,0.090844,0
0.1593,0.17247,0.098342,0
-0.099548,0.022484,-0.23319,0
0.092035,-0.059147,-0.22984,0
0.054876,-0.077063,0.23631,0
0.0053394,-0.047876,-0.24995,0
0.10414,-0.22803,0.044201,0
-0.12633,0.18989,0.11304,0
0.24035,-0.078937,-0.028213,0
0.12839,0.024745,0.2184,0
0.10193,-0.05671,-0.22625,0
-0.12911,-0.020659,-0.2184,0
-0.0044736,-0.006724,-0.25442,0
-0.18968,0.1697,0.0040386,0
-0.067412,-0.24383,0.028213,0
-0.070597,0.036395,-0.24184,0
0.07229,-0.18922,-0.15416,0
-0.013298,-0.0091548,0.25403,0
-0.16043,-0.096051,0.17271,0
0.12682,-0.2044,0.083254,0
0.15338,0.14625,0.141,0
0.059198,0.083132,0.23319,0
-0.080907,-0.23377,-0.060011,0
-0.078675,-0.13627,-0.20009,0
-0.19747,0.0062683,-0.1605,0
-0.165,0.19041,-0.036226,0
0.038961,-0.22096,0.12021,0
-0.010745,-0.02168,0.25339,0
0.076077,0.042328,-0.23919,0
0.025949,-0.019106,0.2525,0
0.043376,-0.046961,0.24639,0
0.23309,0.076555,-0.06783,0
-0.068434,0.053817,0.23919,0
0.15757,0.06308,-0.1897,0
0.059943,0.24709,-0.012112,0
-0.15845,0.10909,-0.16669,0
0.094805,0.079551,0.22243,0
-0.24522,-0.0077842,0.06783,0
0.040219,-9.8507e-18,-0.25135,0
-0.058308,0.1392,-0.20498,0
-0.019263,-0.2423,0.07558,0
0.0045015,-0.094498,-0.23631,0
-0.13699,-0.013081,-0.21414,0
-0.0034317,0.21627,-0.1342,0
-0.15565,0.093188,-0.17856,0
0.1737,-0.082681,0.16669,0
-0.046989,-0.010613,0.24995,0
-0.16429,-0.14698,-0.12727,0
-0.10497,0.030822,0.22984,0
0.21586,-0.013718,0.1342,0
-0.023285,0.16195,-0.19499,0
0.20735,0,0.14765,0
0,0,0.25455,0
0.011988,0.25167,0.036226,0
0.20433,0.15045,-0.020173,0
0.025664,0.23012,-0.10574,0
0.0055956,0.031734,-0.2525,0
0.22412,0.058151,0.10574,0
0.18805,-0.075283,0.15416,0
-0.051374,0.022484,0.24829,0
-0.018606,0.23404,-0.098342,0
-0.22554,-0.11627,0.020173,0
0.058661,-0.18865,0.1605,0
-0.061339,-0.018011,-0.24639,0
-0.037793,0.013756,0.25135,0
0.050635,0.024102,-0.24829,0
0.064993,-0.1213,0.21414,0
-0.15739,0.15991,-0.12021,0
0.015853,-0.0030553,-0.25403,0
-0.19986,-0.15717,0.012112,0
0.24116,-0.062573,-0.052133,0
-0.00038389,-0.024193,-0.25339,0
-0.027706,-0.066145,0.24423,0
-0.15464,-0.15711,0.12727,0
-0.04193,0.15166,0.20009,0
-0.043404,-0.20743,-0.141,0
-0.036949,-0.25699,0.04578,0
-0.032673,0.037707,0.25887,0
-0.21494,-0.14798,0.037519,0
0.13519,-0.14636,0.17265,0
0.23777,-0.11318,-0.012544,0
0.15595,-0.11483,-0.17888,0
-0.15704,-0.18124,-0.10952,0
0.091436,-0.23933,0.062155,0
-0.22144,0.11416,0.086227,0
-0.15623,-0.0049595,-0.2123,0
-0.070288,0.1678,-0.1908,0
0.1391,0.19535,0.10952,0
-0.1653,-0.037334,0.20196,0
0.04449,0.25231,-0.062155,0
-0.0085312,0.040772,-0.26032,0
0.085922,0.13848,-0.20723,0
-0.04588,-0.21927,0.139,0
-0.071001,0.10672,0.23038,0
0.03218,0.084231,-0.24774,0
0.23129,-0.092595,-0.086227,0
-0.090865,-0.18334,0.16624,0
-2.8697e-17,-1.4794e-17,-0.26364,0
0.087279,-0.022646,0.24774,0
0.091462,0.17071,0.17888,0
-0.0006609,-0.04165,0.26032,0
0.16701,-0.054851,-0.19648,0
-0.048896,-0.14128,0.21715,0
-0.019792,-0.071589,0.25296,0
-0.068733,0.069832,0.24475,0
-0.16881,0.13275,-0.15292,0
-0.13676,-0.040156,-0.22179,0
-0.093946,-0.22429,-0.10185,0
-0.2214,0.13255,-0.053994,0
0.057032,0.010992,-0.25716,0
-0.016645,-0.0015894,-0.26311,0
0.23838,0.061852,-0.094088,0
0.18333,-0.102,0.15966,0
-0.034999,-0.035559,-0.25887,0
-0.19626,-0.17559,0.012544,0
-0.082014,-0.10777,-0.2262,0
0.12732,-0.1788,-0.14603,0
-0.026234,-0.020631,0.26152,0
-0.010732,-0.135,0.2262,0
0.2359,0.094441,-0.070252,0
-0.046938,0.094706,-0.24152,0
-0.069537,0.25152,-0.037519,0
-0.058053,0.0018428,0.25716,0
0.026182,-0.23476,0.11707,0
-0.18354,0.16421,0.094088,0
-0.093946,0.16272,-0.18493,0
0.02018,0.014858,-0.26244,0
0.26307,-0.016719,0.0041828,0
-0.077259,0.22322,-0.11707,0
0.082263,-2.0149e-17,0.25047,0
-0.021276,0.14798,-0.21715,0
0.16965,0.080755,0.18493,0
-0.020576,0.25881,-0.04578,0
0.04792,0.045691,-0.25519,0
0.0024836,-0.0079874,0.2635,0
0.038851,-0.072511,-0.25047,0
-0.13423,0.092413,0.20723,0
0.13541,-0.16668,0.15292,0
-0.14075,-0.21156,0.070252,0
-0.05934,0.077972,-0.24475,0
0.050721,0.04256,0.25519,0
-0.099325,0.036151,0.24152,0
0.13937,-0.11694,0.1908,0
-0.071266,0.020926,-0.25296,0
-0.11053,0.024963,-0.23804,0
0.22965,0.12778,0.020893,0
0.17649,-0.11342,-0.15966,0
0.25728,-0.049586,-0.029221,0
0.0039421,0.01625,0.26311,0
-0.2212,0.035395,-0.139,0
0.10917,0.23906,-0.020893,0
0.024859,-0.0031724,0.26244,0
-0.20916,-0.091539,0.13182,0
0.26307,0.016719,-0.0041828,0
-0.0082596,-0.0013216,-0.2635,0
-0.1276,0.012184,-0.23038,0
0.033374,0,-0.26152,0
0.24121,0.030783,0.10185,0
0.019484,0.1747,0.19648,0
0.22078,0.072511,-0.12451,0
0.076174,0.093763,-0.23433,0
0.0057481,-0.12067,0.23433,0
0.13273,-0.21392,0.078279,0
0.0097362,0.20439,-0.16624,0
-0.15525,0.067943,-0.20196,0
0.040353,-0.22885,0.12451,0
0.10316,-0.098359,0.22179,0
0.04707,-0.10307,0.23804,0
0.15491,0.16772,-0.13182,0
0.21708,0.13951,0.053994,0
0,0,0.26364,0
-0.23656,-0.086103,-0.078279,0
0.046973,-0.19363,-0.17265,0
0.046412,0.14926,0.2123,0
-0.10975,-0.19009,0.14603,0
-0.2248,-0.13459,0.029221,0
0.16575,0.20402,-0.072675,0
0.024995,-0.035101,-0.2693,0
-0.2603,0.0082628,0.080978,0
0.0012335,-0.025895,-0.27149,0
0.21937,-0.16152,-0.012977,0
0.17214,-0.033177,-0.20892,0
0.091987,0.059116,0.24985,0
-0.052178,-0.24937,0.097333,0
0.25362,-0.083296,-0.055856,0
0.20257,0.14915,-0.10537,0
-0.10738,0.046996,-0.24625,0
-0.0097478,-0.067798,-0.26399,0
0.18719,-0.15707,-0.12111,0
0.16275,0.065155,0.20892,0
0.044371,-0.1829,-0.19738,0
-0.23727,0.12232,0.055856,0
0.018115,0.07467,-0.26168,0
-0.2543,-0.07467,0.064298,0
0.083226,-0.18224,-0.18505,0
0.26804,-0.017035,0.047359,0
0.057741,-0.062514,-0.25911,0
0.0066597,0.059714,-0.26603,0
-0.008033,0.10104,0.25319,0
-0.1775,0.20484,0.030229,0
0.224,0.10662,0.1133,0
0.13153,0.016786,-0.23832,0
0.090289,-0.023427,-0.25628,0
-0.096549,-0.066469,0.24625,0
-0.0084405,0.0019064,-0.27259,0
0.080724,-0.25961,0.021614,0
-0.18592,0.18889,-0.064298,0
-0.044284,-0.026513,0.2678,0
-0.05514,0.15932,-0.21438,0
-0.19368,0.070495,0.1786,0
0.224,-0.10662,-0.1133,0
0.12256,-0.15086,0.19131,0
-0.057832,0.20918,0.16517,0
-0.030198,0.14432,0.22943,0
-0.13552,-0.12125,0.20325,0
-0.23326,0.13965,-0.021614,0
-0.030416,-0.061371,0.26399,0
-0.037331,-0.13503,0.234,0
-0.12886,0.2232,0.0892,0
0.15341,-0.019578,-0.22464,0
-0.14054,-0.14278,0.18505,0
0.17394,0.14595,0.15107,0
-0.1202,-0.20819,-0.1288,0
-0.26927,-0.043086,0.0043271,0
0.032681,0.18534,0.19738,0
-0.18896,-0.1486,0.1288,0
2.4172e-17,-2.3048e-17,-0.27273,0
0.081262,0.11412,-0.234,0
0.014697,-0.13178,0.23832,0
-0.16349,-0.21482,-0.038813,0
-0.032114,0.028732,0.2693,0
0.25163,-0.10074,-0.030229,0
-0.19349,0.018476,-0.19131,0
-0.0025656,-0.16168,-0.21962,0
0.025456,0.0049062,0.27149,0
-0.042561,0.063971,0.26168,0
0.035791,-0.20298,-0.1786,0
0,0,0.27273,0
-0.075796,-0.219,-0.14379,0
0.030097,0.096791,-0.25319,0
0.015115,0.00841,0.27218,0
-0.20876,-0.075982,-0.1582,0
-0.062473,-0.14915,0.21962,0
-0.1685,-0.005349,0.21438,0
-0.10797,0.017277,-0.24985,0
-0.0073923,-0.092985,0.25628,0
-0.17848,0.14036,-0.15107,0
0.096342,-0.25217,0.038813,0
-0.11991,0.035208,-0.24241,0
0.010571,0.22191,0.1582,0
-0.07564,-0.038995,0.25911,0
-0.22605,-0.051055,0.14379,0
0.090156,0.19741,-0.16517,0
0.18438,0.17581,-0.097333,0
-0.21228,0.14615,-0.0892,0
0.14363,0.23148,0.012977,0
0.15465,0,0.22464,0
-0.08178,0.19524,0.17197,0
0.052622,0.13774,-0.22943,0
0.12414,-0.2317,0.072675,0
-0.033613,0.23378,-0.13636,0
0.26804,0.017035,-0.047359,0
0.099969,0.18658,-0.17197,0
-0.1244,-0.011879,0.24241,0
0.13262,-0.21375,0.10537,0
-0.22386,-0.097972,0.12111,0
-0.0028852,0.18182,-0.20325,0
0.029044,-0.018666,0.27053,0
0.26395,0.068486,-0.0043271,0
-0.14304,0.18795,0.13636,0
-0.14426,-0.21682,-0.080978,0
0.045103,-0.025095,-0.2678,0
0.057085,0.018748,0.26603,0
0.034525,-8.4562e-18,-0.27053,0
-0.011327,-0.013073,-0.27218,0
0.0058712,0.0063565,0.27259,0
0.0386,-0.036805,0.27673,0
0.032983,-0.072222,0.2704,0
-0.2526,0.074169,0.10058,0
-0.18045,0.14191,0.16347,0
0.11588,0.25374,0.040107,0
3.3407e-17,-8.6678e-18,-0.28182,0
-0.011705,-0.013508,-0.28125,0
0.12263,0.15094,-0.20396,0
-0.2286,-0.15738,-0.048937,0
-0.03267,0.22723,-0.16347,0
-0.14582,0.21918,-0.10058,0
0.20328,-0.039179,-0.19122,0
-0.15307,-0.066992,0.22694,0
-0.13695,0.0043473,0.24627,0
0.27923,0.035636,0.013409,0
0.093298,0.024208,-0.26482,0
-0.13694,-0.23718,0.066441,0
-0.24089,0.087677,0.11707,0
0.0047142,0.0075978,-0.28168,0
-0.18682,0.1898,0.092174,0
0.17614,0.12969,0.1777,0
0.010593,-0.034067,-0.27955,0
0.11732,0.21896,0.13309,0
0.16356,0.077857,0.21589,0
-0.10119,-0.13297,-0.22694,0
-0.11248,0.01074,0.25818,0
-0.029462,-0.20491,0.19122,0
-0.011473,-0.14431,0.2418,0
-0.035679,0.17052,-0.22152,0
0.029322,-0.054727,-0.27489,0
0.24105,-0.13411,-0.057718,0
0.1165,-0.16361,-0.19769,0
0.1636,0.10514,0.20396,0
-0.012665,0.15931,-0.23213,0
0.058565,0.24141,-0.13309,0
0.14157,0.19881,0.14091,0
-0.12907,-0.0040972,-0.25049,0
-0.016261,-0.077714,-0.2704,0
-0.10777,-0.25729,-0.040107,0
0,0,0.28182,0
0.14961,0.028835,-0.23708,0
-0.15959,0.069845,0.22152,0
0.027987,-0.25095,-0.12515,0
0.1656,-0.17929,-0.14091,0
0.04673,-0.26502,0.083678,0
0.013327,-0.27976,0.031236,0
-0.085017,0.24564,0.10888,0
-0.17014,0.22355,-0.022334,0
-0.16122,-0.096524,-0.21003,0
0.12372,-0.05889,-0.24627,0
-0.033185,-0.02969,-0.27828,0
-0.03171,0.016348,0.27955,0
-0.12162,0.24539,-0.066441,0
-0.063812,0.23081,0.14858,0
0.2661,0.087395,-0.031236,0
-0.022065,0.015191,0.28054,0
-0.14324,0.16531,-0.1777,0
0.21564,-0.18094,-0.013409,0
0.20643,-0.15199,-0.11707,0
-0.065536,0.058633,-0.26775,0
0.066045,-0.081295,-0.26163,0
0.012925,0.27132,-0.075097,0
0.19119,0.207,-0.0044713,0
-0.057345,-0.11571,0.25049,0
-0.090649,0.21642,0.1561,0
-0.23104,-0.11911,-0.10888,0
0.20145,-0.12947,-0.14858,0
0.026573,-0.0033912,-0.28054,0
-0.15373,-0.23107,0.048937,0
-0.011865,-0.042918,0.27828,0
-0.052024,-0.01175,-0.27673,0
0.013692,0.011489,0.28125,0
0.25609,-0.10252,0.057718,0
0.016045,0.14387,-0.2418,0
-0.27486,0.06208,0.0044713,0
0.22381,-0.014223,0.17067,0
-0.049833,-0.14398,0.23708,0
0.050818,-0.081903,0.26482,0
-0.12707,-0.1291,-0.21589,0
0.018435,0.059288,0.27489,0
-0.24934,0.039897,0.12515,0
-0.11213,0.19421,-0.17067,0
-0.15908,-0.015191,0.23213,0
0.01527,0.086601,0.26775,0
0.27108,0.017228,0.075097,0
-0.19833,-0.031735,0.19769,0
-0.18274,0.10941,0.18455,0
0.043227,-0.11315,-0.25446,0
0.21298,0,-0.18455,0
0.11508,-0.037795,0.25446,0
-0.14771,-0.11616,0.21003,0
0.02526,0.066117,0.27279,0
-0.0042697,-0.26907,-0.083678,0
-0.0084023,-0.0030582,0.28168,0
0.055317,-0.22802,-0.1561,0
0.1049,0.041994,-0.25818,0
-0.26955,-0.079148,0.022334,0
0.19274,0.18378,-0.092174,0
0.070778,-1.7336e-17,-0.27279,0
0.091528,0.050925,0.26163,0
0.10272,0.033737,0.27007,0
-0.21069,-0.1885,-0.068584,0
0.02933,0.26299,-0.12085,0
0.23269,-0.044846,0.16874,0
0.16696,-0.12293,0.20407,0
0.15912,-0.15172,0.1905,0
0.15272,-0.18798,0.16114,0
0.021401,0.088215,-0.27638,0
0.034047,0.074552,-0.27913,0
-0.18994,0.083125,-0.20407,0
0.11829,-0.25901,-0.05958,0
0,0,0.29091,0
0.28417,0.018059,0.05958,0
0.029026,-0.046782,0.28565,0
0.11081,-0.036394,0.2665,0
-0.22101,-0.15215,0.11239,0
-0.0018904,-0.0090343,-0.29076,0
0.20271,0.17009,0.12085,0
-0.074717,0.27025,-0.07752,0
-0.0099087,-0.12464,-0.26267,0
0.049573,-0.05367,-0.28159,0
0.031754,-0.28472,-0.050516,0
-0.028227,0.067388,0.28159,0
-0.19582,-0.044227,-0.21054,0
0.22949,-0.091872,-0.15337,0
0.22282,-0.18697,-0.0046156,0
0.044622,0.1168,0.26267,0
0.074278,-0.13863,0.24473,0
0.013648,0.043891,0.28725,0
0.094481,0.052568,-0.27007,0
0.24227,-0.11532,-0.11239,0
-0.011843,0.14896,0.2496,0
0.093922,0.069153,-0.2665,0
0.12983,0.24232,0.095147,0
0.096985,-0.25386,0.10382,0
0.26065,-6.3842e-17,0.12918,0
0.0091557,0.0011684,0.29076,0
-0.052517,0.25099,0.13739,0
-0.013826,-0.023948,0.28959,0
-0.22384,0.1541,-0.10382,0
0.181,-0.046963,-0.22285,0
0.062738,0.077224,0.27337,0
0.053232,-0.21942,0.18343,0
-0.0026173,0.16494,0.23962,0
0.17094,0.18507,-0.14545,0
0.14905,0.24022,0.068584,0
-0.17254,0.050663,-0.22867,0
-0.22477,-0.021463,-0.18343,0
-0.12823,-0.19274,0.17618,0
0.27983,-0.017783,0.07752,0
-0.11848,-0.061083,-0.25857,0
0.20924,0.19951,-0.032244,0
-0.17572,0.063955,0.22285,0
-0.039124,-0.27211,-0.095147,0
-0.17673,-0.17955,0.14545,0
0.24275,-0.13506,-0.086377,0
0.099497,0,-0.27337,0
-0.12821,0.076761,-0.2496,0
-0.19577,-0.085679,0.19738,0
-0.04626,0.13366,0.25421,0
-0.28693,-0.045912,-0.013842,0
-0.0030775,-0.19394,0.2168,0
-0.15529,-0.20405,-0.13739,0
-0.28985,0.0092009,0.023055,0
-0.02846,-0.057425,0.28376,0
0.28563,-0.036452,0.041401,0
0.00087791,0.01843,0.29032,0
-0.045387,0.0072624,-0.28725,0
-0.14082,0.14307,0.21054,0
-0.27825,-0.081701,-0.023055,0
0.084271,0.033737,0.27638,0
0.13231,-0.085031,-0.24473,0
-0.039534,0.27496,0.086377,0
-0.1211,0.20975,-0.16114,0
-0.036053,-0.041608,-0.28565,0
-0.085251,-0.24632,-0.12918,0
-0.15247,0.1199,-0.2168,0
0.011275,-0.2367,-0.16874,0
0.050205,0.28472,0.032244,0
-0.15926,0.14249,-0.19738,0
-0.17438,0.22914,-0.041401,0
0.040199,-0.22798,-0.17618,0
-0.031597,-0.018917,0.28857,0
0.074003,0.035225,0.27913,0
-0.087294,0.10074,0.25857,0
0.27731,0.071951,0.050516,0
-0.1724,-0.0054725,0.23426,0
-0.078346,0.11776,-0.25421,0
-0.21971,0.11327,0.15337,0
-0.14135,-0.11116,0.22867,0
-0.02846,0.057425,-0.28376,0
0.10005,0.1405,-0.23426,0
3.4982e-17,6.7423e-18,-0.29091,0
0.048981,-0.15752,-0.23962,0
-0.035922,0.0081134,-0.28857,0
-0.08494,-0.20278,-0.1905,0
-0.07751,-0.28036,0.0046156,0
0.16855,-0.2367,0.013842,0
-0.017338,-0.0063105,-0.29032,0
-0.027527,0.0026286,-0.28959,0
0.063975,-0.016599,-0.29263,0
0.043309,0.13928,-0.26215,0
-0.032584,0.019508,-0.29759,0
0.085512,-0.13782,0.25238,0
-0.19196,0.01833,-0.22981,0
-0.036468,0.10537,-0.27851,0
-0.13697,0.070614,0.2574,0
-0.058176,-0.16809,0.24158,0
0.2215,0.18586,0.079942,0
-0.17323,0.13623,-0.20355,0
0.07875,-0.050609,0.28502,0
-0.15116,0.2272,0.12462,0
0.084177,-0.27072,-0.09812,0
0.27763,0.11115,-0.023775,0
-0.18966,0.083002,0.21712,0
0.12412,-0.059083,0.26665,0
0.06117,-0.058325,0.28785,0
0.20353,-0.22035,0.0047598,0
-0.038254,0.26606,0.13322,0
0.18063,0.22234,0.089076,0
-0.040968,0.19579,-0.22358,0
-0.076469,0.068415,-0.28191,0
0.12004,-0.0076286,-0.27483,0
0.080342,-0.14995,-0.2471,0
0.01291,0.013977,0.2994,0
0.10119,0.065028,0.27483,0
-0.21112,-0.033782,-0.21044,0
-0.075544,0.15242,0.2471,0
-0.25968,0.0082432,0.15,0
0.14589,0.23512,-0.1159,0
-0.22658,-0.11681,-0.15817,0
-0.087644,-0.068924,0.27851,0
-0.059288,-0.060237,-0.28785,0
0.21644,0.20637,0.023775,0
0.03817,-0.028104,0.29623,0
-0.098486,0.23512,0.15817,0
0.054997,-0.14396,-0.2574,0
-0.1312,-0.26471,0.052094,0
0.21355,-0.11881,-0.17402,0
-0.012631,-0.045687,-0.29623,0
-0.17162,-0.10275,0.22358,0
0.26935,0.088462,0.09812,0
-0.26334,0.095849,-0.10707,0
-0.021253,-0.019014,-0.29864,0
-0.089958,-0.21476,0.18917,0
-0.11019,-0.19085,0.20355,0
0.088819,-0.19449,0.21044,0
-0.18089,-0.040856,-0.23582,0
-0.29441,0.047108,-0.033251,0
0.015777,0.034546,0.29759,0
-0.1855,0.18846,-0.14168,0
-0.12594,-0.055115,-0.26665,0
0.027603,0.0071619,0.29864,0
-0.16758,-0.22019,0.1159,0
0.05099,0.28918,-0.061442,0
-0.23471,-0.085427,-0.16618,0
0.030398,0.1253,0.27088,0
-0.13359,0.091973,-0.25238,0
0.059517,0.08358,0.28191,0
-0.29349,-0.0093166,0.061442,0
0.073983,-0.014259,0.29038,0
-0.16149,-0.24273,-0.070728,0
0.26812,0.12763,-0.042694,0
0.003585,0.075259,-0.29038,0
-0.089818,0.026373,-0.28502,0
0.29456,-0.037591,0.042694,0
-0.15248,-0.17597,-0.18917,0
0.11173,-0.093756,0.26215,0
0.18233,-0.22442,-0.079942,0
-0.023748,-0.29872,0.014275,0
-0.13644,0.23633,-0.12462,0
0.10694,0.27993,-0.014275,0
0.00090535,-0.019006,-0.2994,0
-0.0009008,-0.056768,-0.29458,0
0.03937,-0.22328,0.19646,0
0,0,0.3,0
-0.13557,0.15646,-0.21712,0
-0.2968,-0.028341,0.033251,0
-0.069232,0.25041,-0.15,0
-0.078086,0.1026,-0.27088,0
-0.18675,-0.12857,-0.19646,0
0.052708,-0.021101,0.29458,0
0.0093464,0.0018014,0.29985,0
0.021374,0.19165,0.22981,0
-0.25372,-0.0745,0.14168,0
0.21646,0.15937,-0.13322,0
0.23873,-5.8472e-17,-0.18168,0
0.020555,-0.18431,0.23582,0
-0.27336,0.061741,0.10707,0
0.21355,0.11881,0.17402,0
0.0094418,0.001205,-0.29985,0
-0.0045451,0.28643,-0.089076,0
0.29485,0.018738,-0.052094,0
-0.023105,0.29063,0.070728,0
0.16899,-0.055502,-0.24158,0
0.11796,0.22016,0.16618,0
-0.048893,-0.23367,0.18168,0
0.174,-0.24434,-0.0047598,0
0.015582,-0.06423,0.29263,0
3.6739e-17,0,-0.3,0
0.11556,0.14224,-0.2489,0
-0.070817,-0.12266,0.27473,0
0.0061837,-0.0076115,0.30894,0
0.0098068,0,-0.30894,0
0.065292,-0.26914,-0.13726,0
0.076225,-0.014691,0.29918,0
0.19828,-0.012601,0.23678,0
-0.052705,0.25188,0.17121,0
-0.023095,-0.018162,-0.30769,0
-0.21786,-0.063969,-0.20972,0
-0.0075738,-0.018082,0.30847,0
-0.20103,0.045404,-0.23035,0
-0.29874,-0.047802,0.063304,0
-0.14529,0.1909,0.1949,0
-0.0047267,0.29788,-0.082365,0
0.17873,-0.25099,0.024495,0
-0.09101,-0.11959,0.2701,0
0.20026,0.21682,0.091775,0
0.069419,-0.15201,0.26002,0
-0.20218,0.23333,0.014707,0
-0.042829,0.086416,0.29366,0
0.15031,0.24225,0.11942,0
0.12153,0.22683,-0.17121,0
0.063218,0.025309,-0.3015,0
0.10373,-0.049374,-0.28695,0
-0.047877,0.1143,0.28316,0
-0.20182,0.10404,0.20972,0
0,0,0.30909,0
-0.2296,0.18056,-0.10109,0
0.26372,-0.068425,0.14597,0
0.065404,0.17119,0.2489,0
-0.1371,-0.27663,-0.014707,0
0.093733,-0.24535,-0.16296,0
0.12316,-0.19849,0.20241,0
-0.1492,0.054304,-0.26519,0
0.056621,0.014691,-0.30351,0
0.0096519,0.086544,0.29657,0
0.25607,0.16457,-0.053673,0
-0.088356,0.038668,-0.29366,0
-0.040013,-0.2783,-0.1284,0
-0.17016,-0.25575,0.034259,0
-1.238e-17,-3.5771e-17,-0.30909,0
-0.13946,0.20962,0.17929,0
-0.29194,0.0092674,0.10109,0
-0.034779,-0.01793,-0.3066,0
0.30657,0.039124,0.004904,0
-0.02817,0.10189,0.29045,0
-0.023391,-0.29422,-0.091775,0
0.023641,-0.21198,0.2237,0
-0.19949,0.17848,0.15455,0
0.18842,0.1581,-0.18719,0
-0.046706,-0.16894,-0.25459,0
-0.25456,0.17525,-0.004904,0
0.23251,0.17119,0.11031,0
-0.024246,0.30498,0.043988,0
0.020288,0.044424,-0.30521,0
-0.16828,0.17098,-0.1949,0
-0.13224,-0.012628,-0.27909,0
-0.24773,-0.14832,-0.11031,0
0.11176,-0.071822,0.27909,0
0.21561,-0.20558,0.082365,0
-0.29511,-0.066653,-0.063304,0
-0.0083248,0.0579,0.30351,0
-0.074714,0.044732,-0.29657,0
0.12392,-3.0353e-17,-0.28316,0
-0.22386,-0.20028,-0.072871,0
0.14907,-0.019024,-0.2701,0
-0.16034,0.04708,-0.26002,0
-0.12512,-0.1444,0.24296,0
-0.23348,-0.0074115,-0.20241,0
-0.0080138,-0.038299,0.3066,0
0.012497,0.26234,0.16296,0
0.090841,-0.29215,-0.043988,0
0.097331,-0.18166,0.23035,0
0.0058208,0.01872,-0.30847,0
-0.19427,-0.19738,0.13726,0
-0.070817,0.12266,-0.27473,0
0.23603,-0.19805,-0.024495,0
0.028328,0.039781,0.30521,0
0.059359,0.24468,-0.17929,0
0.027914,0.0091678,0.30769,0
0.063218,-0.025309,0.3015,0
-0.16057,-0.070272,0.25459,0
-0.025389,0.073358,-0.29918,0
0.11491,0.10957,0.26519,0
0.24569,0.1367,0.1284,0
0.0050301,-0.1056,-0.29045,0
0.0345,-0.19566,-0.23678,0
-0.21752,0.034806,-0.21682,0
0.10373,0.049374,0.28695,0
0.30164,0.058135,-0.034259,0
0.266,-0.148,0.053673,0
0.18153,-0.059619,-0.24296,0
-0.004247,-0.26765,-0.15455,0
0.2194,-0.16154,-0.14597,0
0.05216,0.29581,0.072871,0
-0.20043,-0.072952,-0.2237,0
0.14947,-0.16182,0.21682,0
0.28452,0.018082,-0.11942,0
-0.20259,-0.13948,0.18719,0
-0.043645,0.30356,-0.084787,0
-0.070591,0.25533,-0.17625,0
0.20475,-0.097463,0.2232,0
-0.039517,-0.031077,0.31419,0
0.11576,0.18657,0.23028,0
-0.23073,0.067747,-0.20836,0
0.19077,0.1226,-0.2232,0
-0.27259,-0.14053,0.084787,0
0.021889,0.020872,-0.31674,0
0.1825,-0.22464,-0.13218,0
0.033196,0.072689,0.30798,0
-0.27357,-0.061789,0.15027,0
0.19313,0.037223,0.25011,0
-0.10877,0.0034528,-0.29899,0
-0.069389,0.20049,0.23713,0
-0.0077966,0.018613,0.31754,0
-0.14085,-0.28419,-0.025216,0
-0.31479,0.030059,0.035267,0
-0.11329,-0.17028,0.24374,0
0.20061,0.24692,-0.0050483,0
0.079324,0.1114,0.28729,0
0.29377,0.096485,-0.075014,0
0.094463,0.30379,0.0050483,0
-0.23206,0.084464,-0.20063,0
0.0072021,-0.018851,-0.31754,0
-0.16374,-0.21515,0.16775,0
0.054412,-0.30859,0.055252,0
-0.054412,0.094245,0.29899,0
0.27521,0.15312,-0.045282,0
-0.27214,-0.16293,0.025216,0
-0.084771,-0.24493,0.18456,0
-0.13297,0.17473,-0.23028,0
0.17241,-0.24212,0.11355,0
0.22585,-0.16629,-0.15027,0
-0.2227,0.15331,-0.16775,0
0.079911,-1.9572e-17,-0.30798,0
0.0077696,0.069667,-0.31036,0
0.13565,-0.017312,-0.28729,0
0.21564,-0.23347,0.01514,0
0.07995,0.058866,-0.3023,0
0.11447,-0.0297,-0.29539,0
-0.049655,0.074633,0.30529,0
0.0068497,0.0074159,-0.31802,0
0,0,0.31818,0
-0.2052,0.23681,-0.055252,0
-0.21313,0.21654,0.094475,0
-0.044877,-0.04015,0.31243,0
-0.0369,-0.016149,-0.31562,0
0.20293,-0.17028,0.17625,0
0.11958,-0.22318,-0.19269,0
-0.023555,-0.29629,-0.11355,0
0.050962,0.28902,-0.12293,0
-0.22182,-0.22537,-0.035267,0
0.011852,-0.048856,-0.31419,0
0.015946,-0.0257,0.31674,0
0.13165,0.062664,-0.28281,0
-0.25905,-0.0082233,-0.18456,0
-0.023887,-0.086401,-0.30529,0
-0.14222,0.032121,0.28281,0
0.05833,0.15268,0.27299,0
-0.22409,0.20049,0.10407,0
-0.040283,0.19252,-0.25011,0
-0.11687,-0.20242,0.21589,0
0.056692,0.23369,0.20836,0
0.27057,-0.052149,-0.15909,0
-0.039773,0.0063642,0.31562,0
1.8403e-17,3.4347e-17,-0.31818,0
0.17202,0,-0.26767,0
-0.0096863,-0.0028442,0.31802,0
-0.081777,-0.0563,0.3023,0
-0.14527,0.074894,-0.27299,0
0.052994,-0.11604,-0.29149,0
-0.0047706,-0.30064,-0.10407,0
0.262,-0.16838,0.065166,0
0.11148,-0.062024,0.29149,0
0.094368,-0.30349,-0.01514,0
-0.14183,0.11153,-0.26208,0
0.2618,-0.085982,0.15909,0
-0.25205,-0.024068,0.19269,0
0.22482,0.18864,0.12293,0
-0.28151,-0.045044,0.14129,0
-0.012333,-0.05894,-0.31243,0
-0.0027293,0.172,0.26767,0
-0.17283,0.075637,-0.25622,0
-0.030193,-0.20999,-0.23713,0
0.013772,0.2891,0.13218,0
-0.2653,0.15884,0.075014,0
0.21699,-0.08687,-0.21589,0
0.02091,-0.18749,0.25622,0
-0.14537,-0.05291,0.27804,0
0.0033354,-0.070019,0.31036,0
0.13058,-0.12451,0.26208,0
0.30322,-0.01927,-0.094475,0
0.24497,0.031263,0.20063,0
-0.024681,0.31046,-0.065166,0
0.14974,0.038852,-0.27804,0
-0.077441,-0.089372,0.29539,0
0.29238,0.11705,0.045282,0
-0.079017,-0.18864,-0.24374,0
0.28451,0.018081,-0.14129,0
-0.20941,0.019997,0.25071,0
0.23184,-0.22106,-0.067028,0
0.085654,-0.27547,0.15456,0
0.025729,-0.05634,0.32136,0
0.10991,0.021184,0.30754,0
0.09366,0.30121,0.08721,0
0.2535,0.01611,0.20636,0
0.30186,-7.3935e-17,0.12644,0
-0.051707,-0.18703,-0.26354,0
-0.23873,0.21359,0.067028,0
0.050529,0.11064,0.30383,0
-0.18701,0.19,0.18984,0
0.15221,0.28409,-0.05683,0
0,0,0.32727,0
0.074215,-0.035327,-0.31678,0
0.031109,0,-0.32579,0
0.3025,0.078487,0.097174,0
0.017733,0.10057,0.31093,0
-0.18618,-0.054668,0.26354,0
-0.17617,0.2648,0.077157,0
0.05352,0.14009,-0.29089,0
0.18924,-0.26575,0.025936,0
-0.058048,-0.27742,-0.16364,0
-0.027131,0.031311,-0.32464,0
0.021738,-0.089604,-0.31402,0
0.032996,-0.29586,0.13595,0
-0.17974,-0.12374,0.2439,0
0.14662,-0.2363,-0.17255,0
-0.054014,0.10898,-0.30383,0
0.10775,0.090415,0.2955,0
-0.031316,-0.041148,0.32316,0
-0.31438,-0.071006,0.05683,0
-0.049238,0.23532,0.22206,0
-0.080438,0.29095,-0.12644,0
-0.076106,-0.06809,-0.31093,0
-0.25,-0.1966,-0.077157,0
-0.28214,-0.026941,0.16364,0
-0.070521,-0.042221,0.31678,0
-0.014707,0.185,0.26957,0
0.14759,-0.27547,-0.097174,0
-0.025777,-0.32423,-0.036274,0
-0.14628,0.033039,0.29089,0
-0.19768,0.07195,-0.25071,0
0.016715,0.012307,-0.32661,0
-0.10527,0.25132,0.18128,0
0.30349,0.1215,0.015572,0
0.18781,-0.07519,-0.25725,0
0.0093757,0.0044629,-0.32711,0
0.042949,-0.24358,-0.21432,0
-0.020496,-0.0032796,0.32661,0
-0.0049069,0.30923,0.10704,0
-0.23313,-0.0074004,-0.22957,0
-0.085179,-0.24611,-0.1982,0
-0.1251,-0.18803,-0.23686,0
0.32264,0.041175,0.036274,0
0.006865,0.061555,-0.32136,0
0.31674,-0.082184,-0.0051925,0
0.1546,0.24917,0.14533,0
-0.0028073,-0.17691,-0.27532,0
0.058139,-0.071563,0.31402,0
-0.21918,-0.079775,0.22957,0
-0.28007,-0.12257,-0.1168,0
0.31058,0.102,-0.015572,0
0.053245,0.21948,0.23686,0
-0.10115,0.1752,0.25725,0
-0.14424,0.086356,-0.28079,0
0.12189,-0.10228,0.28599,0
-0.020372,-0.023511,0.32579,0
-0.064086,0.033039,-0.31923,0
-0.16362,-0.28339,0.0051925,0
0.10911,-0.28559,0.1168,0
-0.20955,0.16479,-0.18984,0
0.005326,-0.11181,-0.30754,0
-0.085179,0.24611,0.1982,0
-0.0099631,0.0029254,0.32711,0
0.015414,0.32357,-0.046576,0
-0.16495,-0.085039,-0.26957,0
0.14885,0.095659,0.27532,0
0.17572,-0.12938,-0.2439,0
0.2381,0.13248,-0.18128,0
-3.3012e-17,2.2727e-17,-0.32727,0
-0.010261,0.071368,0.31923,0
0.15117,-0.04965,-0.28599,0
-0.14008,-0.28263,-0.08721,0
-0.023925,-0.1664,0.28079,0
0.08903,0.096388,0.29982,0
-0.019978,-0.047695,-0.32316,0
0.23395,-0.15035,0.17255,0
0.19573,-0.21191,-0.15456,0
-0.085185,0.11193,-0.2955,0
-0.22885,-0.23251,-0.025936,0
0.17009,0.23886,-0.14533,0
-0.12957,0.020732,-0.29982,0
0.2953,-0.037686,-0.13595,0
0.31809,-0.061306,0.046576,0
-0.037955,0.016611,0.32464,0
0.2535,-0.01611,-0.20636,0
0.19501,0.24004,-0.10704,0
0.21613,-0.12025,0.21432,0
-0.24029,0.0076278,-0.22206,0
-0.18517,-0.27832,-0.037282,0
-0.13582,0.17847,-0.25068,0
0.084307,0.0053579,-0.32558,0
0.23438,0.19667,0.13973,0
-0.18844,-0.14819,-0.23595,0
-0.0049853,0.31417,-0.12004,0
0.22064,0.16245,0.19511,0
0.051443,-0.013347,-0.33214,0
0.17678,-0.28492,-0.026657,0
-0.15368,0.055934,0.29393,0
0.0076136,-0.019929,0.33569,0
-0.0045503,-0.031648,0.33484,0
-0.062507,-0.10827,-0.31227,0
0.056634,-0.18214,-0.27705,0
0.16131,0.25999,-0.13973,0
-0.17832,0.18117,-0.22027,0
0.038556,-0.15893,-0.29393,0
-0.33514,0.010639,0.026657,0
-0.096152,0.04208,0.31957,0
-0.22272,0.065395,-0.24344,0
0.17658,-0.21736,0.18632,0
-0.023497,0.29556,-0.15885,0
-0.065101,0.31113,-0.11001,0
0.12412,-0.091385,0.29897,0
-0.11995,-0.03522,0.31227,0
-0.29759,-0.047618,0.14937,0
-0.18252,-0.23983,-0.14937,0
-0.17185,0.2583,0.12995,0
9.7115e-18,4.0032e-17,-0.33636,0
0.24506,0.15749,0.16818,0
0.01033,0.0026803,0.33619,0
-0.041072,0.14856,-0.29897,0
0.033121,-0.18784,0.27705,0
-0.14935,0.30134,-0.0053367,0
-0.019408,-0.092756,0.32274,0
-0.094758,0.065236,-0.31608,0
-0.12863,0.30709,0.04787,0
0.10306,0.019863,-0.31957,0
0.0040196,0.084381,0.32558,0
-0.013693,-0.17224,0.28859,0
0.1434,0.018301,0.30371,0
-0.070715,-0.20432,0.25767,0
0,0,0.33636,0
-0.16344,0.12853,0.2644,0
0.066732,0.093711,0.31608,0
0.31035,-0.12424,0.037282,0
0.091503,0.099066,0.30815,0
0.25369,-0.016123,0.22027,0
0.16883,0.067588,-0.28297,0
0.18185,0,0.28297,0
-0.026573,0.046026,0.33214,0
-0.10505,0.30353,-0.099873,0
0.15549,-0.2902,0.06889,0
-0.24523,-0.14682,-0.17734,0
-0.25065,-0.22425,0.0053367,0
-0.28998,0.02769,-0.16818,0
0.097602,-0.093063,-0.30815,0
-0.23205,-0.11963,0.21209,0
0.27458,-0.15277,0.12004,0
0.15438,0.28813,0.079301,0
0.019151,-0.17172,-0.28859,0
0.15277,-0.12819,-0.27086,0
-0.0015035,-0.094753,-0.32274,0
0.066911,-0.03185,-0.3281,0
-0.046855,0.32588,-0.06889,0
0.32692,-0.063009,-0.04787,0
-0.014965,-0.015204,-0.33569,0
-0.27879,0.062968,0.17734,0
0.012736,-0.26736,0.20371,0
0.23464,0.22372,-0.089632,0
0.33125,-8.1134e-17,-0.058409,0
-0.14159,0.1634,-0.25767,0
0.071175,0.1863,0.27086,0
0.18631,-0.26164,0.099873,0
0.13957,-0.30562,-0.016005,0
-0.14449,-0.0045868,-0.30371,0
0.30801,-0.10116,0.089632,0
-0.0069888,-0.0080655,-0.33619,0
-0.26619,0.15937,-0.12995,0
-0.037848,0.019512,-0.33366,0
-0.10645,-0.21479,0.23595,0
0.28265,-0.18165,0.016005,0
0.25909,0.14415,0.15885,0
-0.19948,0.17847,-0.20371,0
0.19001,-0.20572,-0.18632,0
0.2231,0.1062,0.22823,0
0.21308,0.069982,0.25068,0
-0.040013,-0.014564,0.33366,0
-0.2292,0.036675,0.24344,0
0.047579,0.26983,-0.19511,0
-0.30346,-0.13281,0.058409,0
0.20625,-0.026322,-0.2644,0
-0.31885,-0.072016,-0.079301,0
-0.20352,-0.14011,-0.22823,0
0.040139,0.049407,-0.33029,0
-0.063369,-0.006051,0.33029,0
0.13205,0.28914,0.11001,0
0.028936,0.25946,-0.21209,0
-0.012353,-0.029491,-0.33484,0
-0.019747,-0.071425,0.3281,0
0.13159,0.043218,-0.31647,0
-0.17522,0.028038,-0.29639,0
-0.1873,0.28152,0.070751,0
0.087158,0.2803,-0.18213,0
0.23413,0.25348,0.016437,0
-0.10731,-0.010246,0.32821,0
-0.069677,-0.33299,0.059988,0
0.032573,-0.004157,-0.34389,0
-0.17418,0.22887,0.19135,0
2.8705e-17,-3.1078e-17,-0.34545,0
-0.084731,0.066633,-0.32821,0
-0.3067,0.15812,-0.016437,0
-0.27476,0.008722,0.20921,0
0.2597,-0.12362,-0.19135,0
-0.056301,0.26907,-0.20921,0
0.27631,0.053255,-0.20038,0
0.072973,-0.3008,-0.1534,0
-0.17097,-0.29613,0.049163,0
0.041812,-0.035085,-0.34112,0
0.016336,0.34294,0.03829,0
0.33576,-0.064712,-0.049163,0
0.099396,0.063878,0.32462,0
0.19825,0.079367,-0.27155,0
-0.0047467,0.29913,-0.17273,0
0.32496,-0.084315,0.081444,0
0.081188,0.33466,-0.027377,0
0.2005,0.095438,-0.26463,0
0.10328,-0.16646,-0.28454,0
0.26055,0.016559,-0.22622,0
0.010347,0.019313,0.34476,0
-0.32942,-0.096726,-0.03829,0
0.15855,-0.29592,-0.081444,0
0,0,0.34545,0
-0.16024,-0.095938,-0.29061,0
-0.33867,0.032339,-0.059988,0
0.23391,-0.076824,0.24233,0
-0.018892,-0.23764,0.25002,0
0.10325,-0.057445,-0.32462,0
-0.18106,-0.14239,-0.25745,0
0.1504,0.11074,0.29061,0
0.0024285,-0.021775,-0.34476,0
-0.16135,0.11108,0.28454,0
0.054707,0.067339,-0.33438,0
-0.021866,0.037873,-0.34268,0
-0.066991,0.19356,0.27818,0
0.065378,-1.6013e-17,0.33921,0
0.10746,0.10246,0.31192,0
0.27238,0.070673,0.20038,0
-0.053387,0.054241,0.33697,0
-0.12612,0.30111,0.11299,0
0.1288,0.18088,0.26463,0
-0.31478,-0.071095,0.12329,0
0.038285,0.34328,0.005481,0
0.066506,0.037003,-0.33697,0
-0.091456,-0.033287,-0.33146,0
0.077519,-0.2493,0.22622,0
-0.17573,0.10521,-0.27818,0
0.32921,-0.020922,-0.10257,0
0.11651,0.30496,-0.11299,0
0.029166,0.16541,-0.30188,0
-0.056816,0.065569,0.33438,0
0.010872,0.0013875,0.34528,0
0.21714,-0.26728,0.027377,0
-0.018272,0.12709,-0.32071,0
0.087867,-0.22999,-0.24233,0
0.22401,-0.2136,0.1534,0
-0.29339,-0.0093135,0.18213,0
-0.17309,0.039095,0.29639,0
-0.32458,0.11814,-0.005481,0
-0.0033881,-0.21352,0.27155,0
-0.044721,-0.31104,0.14351,0
-0.22296,-0.19948,0.17273,0
0.010961,0,-0.34528,0
-0.31865,-0.050988,-0.12329,0
-0.24563,-0.1075,0.21783,0
-0.14149,0.28549,-0.13346,0
0.13832,-0.30287,-0.092055,0
-0.081142,0.29349,-0.16315,0
0.033501,0.02811,0.34268,0
-0.021504,-0.024817,0.34389,0
0.31391,-0.12567,-0.070751,0
0.057282,-0.32486,0.10257,0
-0.051774,-0.14959,0.30705,0
0.26813,-0.19742,0.092055,0
-0.0077131,0.09702,0.33146,0
-0.13197,-0.068035,-0.31192,0
0.13236,0.28984,0.13346,0
0.12569,0.20257,-0.25002,0
-0.029032,-0.058578,-0.33921,0
-0.17801,-0.18086,0.23439,0
0.26435,-0.16989,-0.14351,0
-0.16867,-0.25352,0.16315,0
-0.044757,-0.16189,0.30188,0
-0.16238,-0.21336,-0.21783,0
0.012075,-0.25348,-0.23439,0
-0.11762,0.051476,0.32071,0
-0.13289,0.039021,0.31647,0
0.13361,-0.18763,0.25745,0
-0.040678,0.036394,0.34112,0
-0.061157,-0.14601,-0.30705,0
0.031288,0.012526,-0.35294,0
0.015345,0.32214,-0.14728,0
0.17307,-0.082384,0.29826,0
0.32111,-0.061888,-0.13698,0
-0.33839,0.010742,-0.10527,0
0.0040146,-0.010508,-0.35437,0
-0.079145,-0.040802,0.34318,0
0.043878,0.24884,-0.2487,0
0.14501,-0.093195,0.30982,0
0.014,0.030656,0.35294,0
0.074894,0.30872,0.15744,0
0.18166,0.29277,0.083587,0
-0.13166,-0.15194,-0.29203,0
-0.24493,-0.24884,0.061566,0
-0.028009,-0.048514,-0.35009,0
0.35023,-0.022258,-0.050457,0
-0.050451,-0.35089,-0.0056252,0
0.097648,-0.071897,0.33316,0
0.087317,0.22855,0.2566,0
0.082454,-0.11579,-0.3248,0
0.13197,-0.28896,-0.15744,0
0.12445,0.10443,0.31513,0
0.22188,0.24022,0.13698,0
-0.24792,0.25189,-0.028098,0
-0.12551,-0.08641,0.32013,0
0.039221,0.021822,0.35169,0
-0.091814,-0.33209,-0.083587,0
0.010844,-0.22764,0.2716,0
-0.25291,0.17411,-0.17727,0
-0.26813,-0.16053,0.16744,0
-0.18418,-0.080606,0.29203,0
0.29792,0.19146,-0.01687,0
-0.0046054,-0.02201,-0.35383,0
-0.0056245,-0.35446,0.0056252,0
-0.17228,-0.13548,-0.27869,0
-0.34653,-0.055448,0.050457,0
-0.050146,0.34877,-0.039297,0
-0.11608,0.15253,-0.29826,0
0.020993,-0.086533,-0.34318,0
-0.092277,0.26662,-0.21472,0
-0.27393,0.026157,0.22356,0
0.053318,-0.30238,0.17727,0
-0.071557,0.031317,-0.34583,0
0.015257,-0.016519,0.35383,0
0.22714,-0.090933,-0.2566,0
-0.026247,-0.33016,0.12653,0
0.058634,-0.032623,0.34814,0
0.24847,0.11827,-0.22356,0
-0.25179,0.091643,-0.23218,0
-0.066999,-0.088035,-0.33684,0
3.1424e-17,2.9963e-17,-0.35455,0
0.076518,-0.064206,0.34018,0
0.31991,0.040827,0.14728,0
-0.023875,0.30032,0.18693,0
0.25631,-0.24439,0.01687,0
0.14477,-0.047548,-0.32013,0
0.27309,0.070857,0.21472,0
-0.011198,-0.0010693,0.35437,0
0.21348,0.26277,0.10527,0
0.15563,-0.25083,-0.19639,0
-0.30111,-0.0095586,-0.18693,0
-0.06128,0.092107,0.33684,0
0.039126,-0.12583,0.32915,0
0.056019,-1.3721e-17,0.35009,0
-0.12825,0.25877,-0.20566,0
-0.12624,-0.18974,-0.2716,0
-0.33212,-0.12088,0.028098,0
-0.32147,-0.094393,-0.11596,0
-0.11221,-0.2264,0.2487,0
0.16685,-0.043293,-0.30982,0
0.054076,0.17391,0.30419,0
0.036709,0.32916,-0.12653,0
-0.2567,0.13234,0.20566,0
-0.091332,0.21804,0.26423,0
-0.033273,0.15902,-0.31513,0
0.29281,-0.037368,0.19639,0
-0.2932,0.17554,-0.094477,0
0,0,0.35455,0
-0.21641,0.034628,0.27869,0
0.33477,0.10995,0.039297,0
-0.1182,0.20473,-0.26423,0
-0.021946,-0.063408,-0.34814,0
0.34916,0,-0.061566,0
-0.074442,0.066602,-0.34018,0
0.25574,0.04929,0.24056,0
0.089632,-0.11033,0.3248,0
-0.12074,-0.28825,-0.16744,0
-0.090372,-0.080854,-0.33316,0
-0.11926,0.13764,-0.30419,0
-0.26136,-0.059032,0.23218,0
0.077953,0.004954,0.34583,0
0.0233,-0.20892,-0.2855,0
-0.091061,0.32937,0.094477,0
-0.32147,0.094393,0.11596,0
-0.12853,0.029031,-0.32915,0
0.021197,0.039562,-0.35169,0
0.27945,0.20576,-0.072613,0
-0.0033352,0.21019,0.2855,0
-0.20472,0.161,-0.24056,0
0.2013,0.28268,0.072613,0
-0.060666,0.28993,-0.21093,0
0.30029,-0.16708,-0.11893,0
0.038487,0.3451,0.10797,0
-0.050588,0.076036,-0.35198,0
-0.022774,0.003644,0.3629,0
0.20296,-0.096611,0.28584,0
0.29729,0.19105,-0.085731,0
-0.3222,0.1661,-0.028818,0
-0.23528,0.23904,0.14049,0
0.23939,0.22826,0.15106,0
-0.057825,-0.16708,-0.31776,0
0.04647,-0.065258,-0.3547,0
0.038726,-0.024888,-0.36071,0
-0.3014,-0.068074,-0.19172,0
0.16797,0.055167,0.31776,0
-0.28408,0.2234,0.040305,0
-0.12383,-0.29564,-0.17173,0
-0.12874,-0.14858,-0.30591,0
-0.18738,-0.19038,0.24673,0
0.10182,0.19004,-0.29283,0
0.055418,-0.040803,-0.35706,0
0.038487,-0.3451,-0.10797,0
-0.33823,0.12311,0.051751,0
-0.025761,0.023047,-0.36199,0
-0.24234,0.0076928,-0.27101,0
-0.049295,-0.029513,-0.35907,0
0.011122,-0.23348,0.27856,0
0.22926,0.2822,0.0057694,0
0.023063,0,-0.3629,0
-0.24477,0.055284,-0.26318,0
0.23186,0.02959,-0.27856,0
-0.18863,0.055388,0.30591,0
0.28107,-0.11252,-0.20143,0
0.34663,-0.089939,0.063145,0
0.082461,0.039252,0.35198,0
-0.064668,-0.023537,0.35706,0
0.29305,0.076036,0.20143,0
3.8915e-17,2.1652e-17,-0.36364,0
0.040495,-0.10599,0.34548,0
-0.10091,-0.1326,0.32321,0
0.10224,0.0064977,0.34891,0
-0.16654,-0.0052868,-0.32321,0
-0.074241,-0.35481,0.028818,0
0.031234,-0.033816,0.36071,0
-0.11641,0.33635,0.074475,0
0.044013,0.036931,0.35907,0
-0.019215,-0.2417,0.27101,0
0.014702,0.30864,0.19172,0
-0.040166,-0.27936,0.22929,0
-0.15386,-0.10592,-0.31199,0
-0.0056818,-0.35807,-0.063145,0
-0.31153,-0.1606,0.0969,0
-0.29487,0.028156,0.21093,0
0.13002,-0.16004,-0.29952,0
0.12437,-3.0462e-17,-0.34171,0
-0.22236,0.13313,-0.25508,0
0.061226,0.1969,0.29952,0
0.013911,0.078896,0.3547,0
0.25339,-0.21262,-0.15106,0
-0.20669,0.1423,0.26318,0
-0.22245,0.25672,-0.12978,0
-0.051692,0.35953,0.017303,0
-0.33629,-0.098744,-0.0969,0
0,0,0.36364,0
0.093506,-0.30072,-0.18182,0
0.2109,0.29617,-0.0057694,0
0.090011,-0.085826,0.34171,0
0.33415,0.13377,-0.051751,0
0.33743,-0.065034,0.11893,0
-0.060016,-0.12109,0.33759,0
0.28879,-0.018353,-0.22022,0
-0.03958,0.094494,-0.34891,0
0.16603,0.26759,0.18182,0
0.12898,0.3376,-0.040305,0
0.12979,-0.24224,-0.23813,0
-0.13356,-0.23134,-0.24673,0
-0.0030744,0.01112,0.36345,0
-0.26509,-0.11602,0.22022,0
-0.11648,-0.10421,-0.32834,0
-0.028786,0.36208,-0.017303,0
-0.064742,0.13063,-0.33313,0
0.11142,0.021474,-0.34548,0
0.30955,-0.10167,-0.16148,0
-0.20312,0.2669,-0.14049,0
-0.017283,0.029935,0.36199,0
-0.0051694,0.32577,0.16148,0
-0.26701,-0.20998,0.12978,0
-0.19575,-0.29422,0.085731,0
0.2087,0.15366,0.25508,0
0.031863,0.13134,-0.33759,0
-0.085412,-0.30894,0.17173,0
0.11367,-0.1832,0.29283,0
0.032436,-0.18395,0.31199,0
0.2415,0.26146,-0.074475,0
0.036847,-0.15188,0.32834,0
-0.011393,-0.0018229,-0.36345,0
-0.28096,-0.026828,-0.22929,0
0.093379,0.20447,-0.28584,0
-0.25176,0.11018,0.23813,0
0.14462,-0.018456,0.33313,0
0.37193,-0.023637,0.0059137,0
0.17107,-0.31928,-0.087874,0
0.034992,-0.19845,0.31356,0
0.29967,0.11997,0.18636,0
-0.17611,-0.30504,0.12191,0
-0.036914,0.13352,0.34603,0
-0.26588,-0.18304,-0.18636,0
-0.076097,0.36368,-0.029539,0
0.36409,0.023139,0.076337,0
-0.026037,-0.32751,0.17603,0
0.15297,0.14585,0.30701,0
-0.23046,0.23415,-0.17603,0
0.22302,0.057866,0.29298,0
0.28522,0.1833,0.15484,0
0.34586,0.06666,-0.12191,0
-0.29118,0.22899,-0.041312,0
0.13673,-0.14803,-0.31356,0
0.29422,-0.037548,0.22573,0
-0.33534,0.07574,0.144,0
-0.33183,0.14523,0.087874,0
-0.36578,-0.058529,0.041312,0
0.15891,0.02028,0.33655,0
-0.021507,-0.10278,-0.35763,0
0,0,0.37273,0
-0.2047,0.14093,-0.27778,0
0.14008,0.26144,-0.22573,0
-0.22862,0.11786,0.26976,0
-0.15502,-0.1575,-0.30015,0
-0.026857,-0.077599,-0.36357,0
-0.29161,-0.10614,0.20646,0
-0.013322,0.092657,0.36078,0
-0.10655,-0.04663,0.35412,0
0.0042205,0.011047,-0.37254,0
-0.2074,-0.23936,-0.19651,0
-0.26774,0.23954,-0.099322,0
0.32326,-0.083874,0.16552,0
-0.2082,-0.27357,-0.144,0
-0.20556,0.12307,0.28553,0
0.020086,-0.1801,0.32571,0
-0.15462,0.31197,0.13302,0
0.10163,-0.056546,-0.35412,0
-0.021457,0.028194,-0.37104,0
2.6477e-17,-3.7182e-17,-0.37273,0
-0.14181,0.33856,0.064723,0
-0.22627,-0.20244,0.2162,0
0.054299,0.076252,-0.36078,0
0.066125,0.048687,0.36357,0
-0.23492,-0.14065,-0.2529,0
0.029303,-0.064165,-0.36599,0
0.29627,0.16484,-0.15484,0
0.025538,0.22899,-0.29298,0
0.37231,0,-0.017735,0
-0.18447,0.31951,0.053045,0
-0.35574,0.011293,-0.11067,0
0.14944,-3.6602e-17,-0.34146,0
0.0091101,0.19124,-0.31979,0
-0.30892,-0.029498,-0.20646,0
0.26151,-0.10469,0.24408,0
0.23611,-0.077547,0.27778,0
0.036145,0.03033,-0.36973,0
0.078874,-0.25366,0.26146,0
-0.19883,0.22946,-0.2162,0
0.016567,-0.34779,-0.13302,0
-0.019715,-0.13712,-0.34603,0
-0.31382,0.11422,-0.16552,0
0.16219,0.19963,-0.26976,0
-0.012573,-0.045478,0.36973,0
0.33616,-0.16001,0.017735,0
0.31099,-0.059939,0.19651,0
-0.075844,-0.15303,0.33129,0
0.10101,-0.12434,-0.33655,0
-0.36317,0.034679,-0.076337,0
0.10724,-0.068921,0.35025,0
-0.0046671,0.058706,-0.36805,0
0.084561,-0.062261,0.35763,0
-0.28239,-0.22207,0.099322,0
-0.094606,-0.1422,-0.33129,0
-0.056506,0.016592,0.36805,0
-0.11641,0.33634,0.11067,0
0.13857,-0.13212,0.31979,0
0.0049126,0.010757,0.37254,0
0.24722,0.11768,0.2529,0
-0.21295,-0.10978,-0.28553,0
0.10053,-0.26314,-0.24408,0
0.0083529,-0.034431,0.37104,0
-0.35805,-0.080868,-0.064723,0
-0.3565,-0.10468,0.029539,0
0.012464,0.020087,-0.37198,0
-0.0091331,-0.021804,0.37198,0
0.35407,0.11629,-0.0059137,0
-0.070614,0.10614,-0.35025,0
-0.28566,0.045708,-0.23502,0
0.054036,-0.045342,0.36599,0
0.11651,-0.18778,0.30015,0
0.085896,0.27624,0.23502,0
0.036702,0.20815,-0.30701,0
-0.0028752,-0.1812,-0.32571,0
-0.26551,-0.0084282,-0.26146,0
0.10139,0.10978,0.34146,0
-0.0058535,0.36889,-0.053045,0
0.16622,0.054593,-0.33937,0
0.26606,-0.22325,0.15861,0
0.21922,0.30785,0.054338,0
0.23237,0.17109,0.25004,0
-0.11621,-0.026248,0.36275,0
0.018056,0.37904,0.04232,0
-0.36079,-0.10594,-0.066302,0
-0.20701,0.31115,-0.078199,0
-0.16072,0.18548,0.29249,0
2.9484e-17,-3.6292e-17,-0.38182,0
-0.17417,-0.016631,0.33937,0
0.080793,-0.21148,-0.30747,0
-0.094688,-0.015151,0.36958,0
0.32579,-0.15508,0.12488,0
-0.20788,0.2112,0.24076,0
-0.2837,0.16985,0.19091,0
0.18425,-0.17568,0.28456,0
-0.22633,0.2974,0.078199,0
-0.0024288,-0.15306,0.34979,0
-0.054004,0.3756,-0.04232,0
0.2497,-0.27034,0.10174,0
0.17234,0.068995,-0.33365,0
0.31725,0.020162,-0.2115,0
-0.2962,0.0094025,-0.24076,0
-0.040169,0.19197,-0.32759,0
0.036294,0,-0.38009,0
0.17366,-0.1116,-0.32121,0
0.18228,-0.035132,0.33365,0
-0.079086,-0.10392,-0.35879,0
0.26627,-0.19605,-0.19091,0
0.010476,-0.059411,-0.37702,0
-0.36194,0.081747,-0.090017,0
0.056714,0.091405,0.36635,0
-0.086177,-0.24899,-0.27633,0
0.30672,0.19712,0.11337,0
0.1892,-0.10527,-0.31449,0
0.26136,-0.033355,0.27633,0
-0.25026,0.17229,0.23123,0
0.058566,0.1533,0.34475,0
0.13377,0.074428,-0.34979,0
0.36582,-0.094917,-0.054338,0
-0.27645,0.14252,-0.22148,0
0.38062,-0.024189,-0.018168,0
-0.31626,0.11511,-0.18032,0
0.034982,0.033355,-0.37875,0
-0.29122,-0.12745,0.2115,0
0.10883,-0.17541,0.32121,0
0.08328,-0.26783,-0.25907,0
0.11791,0.056127,0.35879,0
0,0,0.38182,0
-0.0032281,-0.011676,0.38163,0
0.36271,-0.11913,0.0060579,0
0.05895,-0.12908,-0.35447,0
0.24,0.29541,-0.030259,0
-0.018705,0.23528,-0.30013,0
0.017036,0.070223,0.37492,0
-0.048687,-0.33862,0.16955,0
-0.18401,0.31871,-0.10174,0
-0.087462,0.20881,0.30747,0
0.19844,-0.27867,-0.16955,0
-0.027512,0.079492,-0.37244,0
0.09993,0.32138,0.18032,0
0.35792,0.045677,-0.12488,0
-0.33516,-0.12199,-0.13627,0
0.0057092,-0.023534,0.38105,0
-0.31302,-0.16137,-0.14751,0
-0.29167,0.22937,0.090017,0
-0.023912,0.0038262,-0.38105,0
-0.053852,0.04818,-0.37492,0
0.096286,0.10424,0.35447,0
-0.13606,-0.23566,0.26784,0
-0.093845,0.33944,0.14751,0
-0.1683,-0.25296,-0.23123,0
0.37487,0.07225,-0.0060579,0
-0.21246,-0.2452,0.2013,0
-0.12016,-0.28687,0.22148,0
0.023998,-0.21518,0.31449,0
-0.011624,0.003413,-0.38163,0
0.15025,0.12607,0.32759,0
-0.28607,-0.19695,-0.15861,0
-0.077953,-0.37255,0.030259,0
-0.12814,-0.25855,-0.25004,0
-0.28423,-0.2543,0.018168,0
-0.33401,0.14618,-0.11337,0
0.048705,0.27622,0.25907,0
0.15884,0.041214,-0.34475,0
-0.2025,-0.12124,0.30013,0
-0.060055,0.0057345,0.37702,0
-0.0043174,0.27209,-0.26784,0
0.0040025,-0.084023,0.37244,0
0.036294,-8.8895e-18,0.38009,0
0.10195,0.22325,-0.29249,0
-0.22759,-0.23123,-0.2013,0
-0.020176,-0.25378,-0.28456,0
0.0053574,0.048037,0.37875,0
0.045287,0.084525,-0.36958,0
-0.047769,0.096383,-0.36635,0
0.17758,-0.33144,0.066302,0
-0.28037,-0.22048,0.13627,0
0.11061,-0.04428,-0.36275,0
-0.00039336,0.02479,0.39012,0
0.022043,-0.057697,-0.386,0
0.083416,0.18266,-0.33539,0
0.039004,0.062863,-0.38384,0
-0.10191,0.10354,0.36291,0
0.12896,0.13962,0.3416,0
-0.38243,0.01214,-0.080061,0
-0.0061079,-0.38492,0.067881,0
-0.25009,-0.073432,-0.29133,0
-0.14272,0.34073,-0.12785,0
-0.22707,0.082647,-0.30728,0
0.1539,0.029661,-0.35812,0
0.17941,0.33486,-0.09216,0
-0.28586,0.027296,-0.26524,0
-0.032099,-0.15341,0.35812,0
-0.36477,-0.058367,0.12785,0
-0.055569,-0.38649,0.0186,0
0.1216,0.11594,-0.35296,0
-0.12209,-0.35275,-0.11607,0
0.010434,0.0067054,-0.39071,0
0.034869,0.19775,0.33539,0
0.031204,-0.038408,-0.38776,0
0.13444,0.1888,-0.31479,0
0.34955,0.022214,-0.17359,0
0.10843,-0.3487,0.13951,0
-0.21313,0.24597,-0.21653,0
0.30096,0.038408,-0.24649,0
-4.2551e-17,2.1936e-17,-0.39091,0
-0.31871,0.093582,0.2061,0
-0.074058,0.11131,0.36733,0
-0.029582,0.37211,0.11607,0
0.089759,-0.16753,-0.3416,0
0.15653,-0.08709,0.34745,0
0.34419,0.089304,0.16239,0
-0.094491,-0.056572,0.37507,0
-0.33031,0.14456,-0.15103,0
0.1517,0.07221,0.35296,0
-0.36038,-0.01144,0.15103,0
0.032745,-0.29361,-0.25599,0
-0.1004,0.36315,0.10417,0
-0.1501,-0.35834,-0.043328,0
0.31778,-0.020196,-0.22675,0
-0.25622,-0.1764,-0.23674,0
-0.026066,-0.026482,-0.38914,0
-0.13041,-0.029455,-0.36733,0
-0.1335,0.11943,-0.34745,0
-0.24673,-0.28475,-0.10417,0
-0.043179,0.30031,0.24649,0
0.32881,-0.21131,-0.0062021,0
-0.20869,0.033392,0.32885,0
-0.27175,0.061378,-0.27421,0
-0.23977,-0.12361,-0.28291,0
0.15844,0.19502,0.29945,0
-0.047704,-0.071702,-0.3813,0
0.13488,-0.053997,-0.36291,0
-0.07652,-0.27678,0.26524,0
0,0,0.39091,0
0.012846,-0.072856,0.38384,0
-0.23007,0.3023,0.09216,0
0.084366,0.070791,-0.37507,0
-0.043284,0.20686,-0.32885,0
0.31843,0,0.22675,0
0.0017681,-0.037116,0.38914,0
0.27747,-0.2043,0.18462,0
0.164,-0.26432,0.23674,0
-0.0055076,-0.011113,0.39071,0
0.33812,0.18812,-0.055632,0
0.089675,0.23472,-0.29945,0
0.082575,-0.34038,0.17359,0
-0.050874,0.035024,0.386,0
-0.31014,-0.13573,0.19545,0
-0.17228,-0.2984,-0.18462,0
0.2202,-0.072321,0.31479,0
0.065818,0.21167,-0.32198,0
0.37994,-0.073227,0.055632,0
0.18511,-0.15533,0.30728,0
0.0058452,0.024094,-0.39012,0
-0.10864,0.3139,-0.2061,0
0.20015,-0.095272,0.32198,0
-0.038899,0.03059,0.38776,0
-0.36351,-0.034711,-0.13951,0
-0.060988,0.10563,0.37139,0
0.25735,-0.24538,-0.16239,0
0.040784,-0.089304,-0.37838,0
0.121,-0.015441,-0.37139,0
-0.0068251,-0.085851,0.3813,0
-0.30583,-0.11131,0.21653,0
0.38497,-9.4291e-17,-0.067881,0
-0.30631,-0.24088,-0.03098,0
0.36177,0.14483,0.03098,0
0.19637,-0.27576,-0.19545,0
0.37097,0.12184,-0.0186,0
0.032745,0.29361,0.25599,0
-0.28954,-0.25904,0.043328,0
-0.15785,-0.20741,0.29133,0
-0.23903,0.14311,0.27421,0
0.31475,0.23174,0.0062021,0
-0.043597,0.087965,0.37838,0
0.26111,-0.067749,0.28291,0
0.25961,-0.28107,0.080061,0
-0.19997,0.34637,0.0063464,0
-0.0054112,0.037635,0.39819,0
0.049503,0.28075,0.28059,0
0.23492,0.077155,-0.31442,0
0.18463,-0.25928,-0.24224,0
0.29684,0.057211,0.26194,0
4.8101e-17,-9.2706e-18,-0.4,0
0.15867,-0.34744,0.11877,0
-0.20348,-0.12183,0.32211,0
-0.39814,0.038018,-0.0063464,0
0.33303,-8.1568e-17,-0.22157,0
0.097239,-0.02523,-0.38718,0
-0.21764,0.063904,0.32947,0
-0.38853,0.012333,0.094304,0
0.015035,0.048353,-0.39678,0
0.009185,0.0087579,0.3998,0
0.081192,0.15154,0.36117,0
-0.078228,-0.37386,-0.11877,0
-0.022592,-0.28418,-0.28059,0
-0.12856,-0.22267,0.30642,0
0.013834,0.12404,0.38003,0
0.11607,-0.11067,0.36644,0
0.23062,-0.24968,0.21089,0
-0.057899,-0.025339,0.39498,0
-0.13345,-0.03014,-0.37588,0
-0.12857,-0.13063,0.35553,0
-0.14859,-0.0047168,-0.37135,0
-0.095529,0.22806,0.31442,0
-0.23542,0.30933,-0.094304,0
-0.14408,0.1133,-0.35553,0
-0.13455,0.15528,0.34319,0
0,0,0.4,0
-0.29372,-0.23098,0.14275,0
0.23216,-0.11051,-0.30642,0
0.27873,-0.23388,-0.16617,0
0.086981,-0.35854,-0.15454,0
0.071059,-0.087466,-0.3838,0
-0.20436,-0.30717,0.15454,0
-0.23711,-0.31156,-0.081923,0
-0.0061169,-0.38549,0.10659,0
0.14662,-0.27365,0.25222,0
-0.11738,0.070275,0.37588,0
-0.025255,-0.0024115,-0.39919,0
0.0059811,0.024654,0.39919,0
0.023969,-0.21492,-0.3365,0
0.37093,-0.1485,-0.019033,0
-0.08482,0.3068,0.24224,0
0.2711,0.2935,0.019033,0
0.189,0.26541,-0.23202,0
0.35551,0.04537,0.17763,0
0.13491,-0.086704,-0.36644,0
-0.0070299,0.010566,-0.3998,0
-0.0783,-0.28321,0.2714,0
0.329,0.085363,-0.21089,0
-0.29015,-0.046427,-0.2714,0
0.21626,0,0.3365,0
-0.33598,0.17321,0.13083,0
0.11885,-0.3111,0.22157,0
0.10175,0.048435,0.3838,0
-0.010773,-0.07493,-0.39277,0
-0.26869,-0.13852,-0.26194,0
-0.37205,0.13542,0.056926,0
0.060959,0.044883,0.39277,0
-0.082746,0.056966,0.38718,0
0.35768,0.022731,-0.17763,0
0.17285,0.11109,-0.34319,0
0.013134,0.27572,-0.28949,0
-0.26277,-0.23509,-0.18891,0
-0.32447,-0.22338,0.069459,0
-0.17466,-0.20156,-0.29811,0
0.27129,0.15094,-0.25222,0
-0.15657,0.31591,0.18891,0
0.094226,0.20633,-0.32947,0
0.057745,-0.18571,0.34954,0
0.38244,-0.048806,-0.10659,0
-0.086361,-0.17425,-0.34954,0
-0.087017,0.013924,0.39017,0
-0.25817,0.23098,-0.2,0
0.20642,0.33269,0.081923,0
-0.37469,-0.13638,0.0317,0
0.044249,-0.02462,0.39678,0
-0.01469,-0.03507,-0.39819,0
-0.31263,-0.091797,0.23202,0
-0.38777,0.087581,-0.044335,0
0.14954,0.18407,-0.32211,0
0.11587,0.046388,-0.38003,0
0.017313,-0.36344,0.16617,0
-0.0054961,0.34637,0.2,0
-0.054623,0.26105,0.29811,0
-0.056229,0.16246,-0.36117,0
0.14187,0.37136,0.044335,0
0.3009,-0.22155,-0.14275,0
0.20874,-0.33643,-0.056926,0
0.025815,-0.14641,0.37135,0
-0.090281,-0.26085,0.28949,0
0.087947,-0.0055892,-0.39017,0
0.37883,-0.12442,-0.0317,0
-0.26516,0.2694,-0.13083,0
0.30176,0.25321,-0.069459,0
-0.057899,0.025339,-0.39498,0
-0.36298,-0.081982,0.16994,0
-0.016991,-0.019609,-0.40827,0
0.051788,-1.2684e-17,0.4058,0
0.072674,0.089454,0.39252,0
0.098832,0.15929,0.36361,0
-0.37472,0.164,-0.0064906,0
-0.20163,0.059203,0.35099,0
0.015856,0.33286,-0.2373,0
-0.10899,0.31491,0.2373,0
-0.053699,0.37349,0.15805,0
0.36605,-0.14655,-0.10901,0
0.011342,0.0063106,0.40888,0
-0.048472,-0.33713,0.2266,0
-0.16519,-0.21706,-0.30488,0
0.092097,-0.37963,-0.12147,0
-0.39539,-0.063267,0.083785,0
-0.0020253,0.12763,0.38867,0
0.096368,0.21102,-0.33696,0
-0.18109,-0.36539,-0.03242,0
-0.32374,0.19382,-0.15805,0
0.020014,-0.1135,-0.39252,0
-0.29223,-0.17496,-0.2266,0
0.10342,-0.1273,0.37477,0
-0.3409,-0.1492,-0.16994,0
0.20405,0.13113,-0.32943,0
0.097613,-0.032059,-0.39598,0
-0.27087,-0.079535,0.29607,0
-0.30388,-0.23897,-0.1338,0
0.14601,0.27252,0.2679,0
0.18606,-0.11957,0.34415,0
0.045064,0.40407,-0.045343,0
0.097613,0.032059,0.39598,0
0.0089929,0.051001,-0.4058,0
0.19031,-0.18146,0.31338,0
0.086612,0.093771,-0.38867,0
0.28221,0.073224,-0.28697,0
0.3972,0.05069,-0.083785,0
-0.34604,0.033043,0.21568,0
-0.067168,-0.060094,0.39904,0
-0.29837,-0.1086,-0.25795,0
-0.19108,0.33095,-0.146,0
-1.335e-17,-4.8288e-17,-0.40909,0
-0.28664,0.29123,-0.019465,0
-0.08422,-0.12659,-0.37979,0
-0.18077,0.16173,0.32943,0
-0.32746,0.22544,-0.096447,0
-0.31668,0.24904,0.071038,0
-0.067387,0.24374,-0.32157,0
0.3671,0.17474,0.045343,0
-0.20829,-0.1434,0.32157,0
0.11618,0.3041,-0.24775,0
0.19124,-0.35692,-0.05822,0
0.40124,-0.077333,0.019465,0
0.03129,-0.28057,-0.29607,0
-0.14578,0.075157,-0.37477,0
0.13992,0,0.38442,0
-0.33885,0.12333,-0.1932,0
0.088194,0.12385,0.37979,0
-0.15755,0.37614,0.03242,0
-0.0055152,-0.34757,-0.21568,0
-0.025465,0.029389,0.40724,0
0.022556,-0.031676,-0.40724,0
0.013873,-0.29123,0.28697,0
0.22779,0.043902,0.33696,0
0,0,0.40909,0
0.052206,-0.1679,0.36938,0
0.17403,0.06967,-0.36361,0
0.26097,0.24884,0.1932,0
0.15227,-0.33342,0.18166,0
0.24038,-0.26025,0.20455,0
0.18974,-0.090317,-0.35099,0
0.23684,0.19873,-0.2679,0
-0.015713,0.020647,0.40827,0
-0.0061356,0.077177,-0.4017,0
0.15237,-0.12785,-0.35748,0
-0.36357,-0.18743,0.0064906,0
-0.031928,-0.40161,-0.071038,0
0.38986,0.024776,0.12147,0
0.089229,0.28696,-0.27757,0
0.38138,-0.024238,0.146,0
-0.15109,0.2271,0.30488,0
0.06275,-0.16425,-0.36938,0
-0.14456,0.29168,0.24775,0
-0.20246,-0.35068,0.05822,0
-0.063825,0.010213,0.40395,0
-0.30971,0.069952,0.25795,0
0.38348,-0.04894,0.1338,0
-0.045341,-0.046066,-0.40395,0
-0.028656,0.13695,-0.38442,0
0.3203,-0.17821,-0.18166,0
0.087238,-0.022635,-0.39904,0
-0.1536,-0.36669,0.096447,0
0.0068432,-0.011029,-0.40888,0
-0.30036,-0.0095347,0.27757,0
-0.11587,-0.3348,-0.20455,0
0.16017,0.11793,0.35748,0
-0.26283,0.0083431,-0.31338,0
-0.080755,-0.38594,0.10901,0
-0.22017,-0.021024,-0.34415,0
0.062345,-0.045904,0.4017,0
-0.022119,-0.15384,-0.38823,0
-0.016113,0.20268,0.36543,0
-3.5924e-17,3.6499e-17,-0.41818,0
0.37114,-0.12189,0.14924,0
0.090465,0.017436,0.40791,0
-0.039571,0.0037785,-0.41629,0
0.027911,0.044983,-0.41482,0
-0.010247,-0.024463,-0.41734,0
0.04426,0.39686,-0.12417,0
-0.32441,-0.010298,-0.26369,0
-0.011384,-0.0068155,-0.41797,0
-0.0037624,0.2371,0.34445,0
0.22953,0.059556,-0.34445,0
-0.38189,0.13899,-0.09859,0
-0.049242,0.044056,0.41293,0
0.18663,-0.34833,-0.13677,0
0.36428,-0.20268,0.033141,0
-0.1252,-0.036762,-0.3973,0
-0.26158,-0.20571,0.25325,0
0.12761,-0.27943,-0.28374,0
0.080454,0.067509,-0.40478,0
0.19928,0.24529,0.27385,0
-0.10178,-0.11746,0.38823,0
-0.23933,-0.31447,0.13677,0
-0.27057,-0.27489,0.16156,0
-0.094385,-0.27271,-0.30265,0
0.013743,-0.077939,0.41062,0
0.37374,-0.1779,0.059513,0
0.30026,0.098615,-0.27385,0
0.40228,-0.10438,0.046351,0
-0.01857,0.12916,0.3973,0
0.28037,0.20643,-0.23164,0
-0.35875,0.21478,-0.0066349,0
-0.33768,-0.14779,-0.1975,0
0.028652,-0.25691,0.32871,0
0.11687,-0.014915,-0.40124,0
-0.37867,-0.036159,-0.17372,0
0.099113,0.063696,0.40124,0
0.03121,0.177,-0.37759,0
-0.06445,0.014557,-0.41293,0
-0.2032,-0.35195,0.09859,0
-0.12615,0.3645,-0.16156,0
0.26286,-0.32355,-0.033141,0
-0.096215,0.042108,0.40478,0
-0.34047,0.010808,0.24257,0
0.065737,0.27097,0.31166,0
0.20612,0.28945,0.22048,0
0.32989,-0.13207,-0.22048,0
0.088493,-0.2846,0.29334,0
-0.12713,0.065539,-0.39296,0
-0.15445,0.23215,-0.31166,0
-0.029293,-0.13999,0.39296,0
-0.033103,-0.41639,0.019898,0
-0.27368,0.21522,0.23164,0
0.14832,-0.38824,-0.046351,0
-0.28867,-0.10507,0.28374,0
0.29744,-0.018903,-0.29334,0
-0.2741,0.1887,-0.25325,0
-0.19966,0.34582,0.12417,0
0.039751,-9.7361e-18,0.41629,0
-0.12815,-0.25856,0.30265,0
0.15329,0.28609,0.26369,0
-0.051062,0.18469,0.37169,0
-0.040912,0.082548,-0.40791,0
0.17104,-0.10992,-0.36543,0
0.24573,0.26604,-0.20909,0
-0.039453,-0.035298,0.41482,0
0.40225,0.025564,0.11143,0
0.28272,0.26957,-0.14924,0
0.40602,0.051816,0.085646,0
0.032877,0.07199,-0.41062,0
0.06713,0.21589,0.3518,0
-0.010929,-0.0075238,0.41797,0
0.019596,0.41136,-0.072617,0
-0.17603,0.20315,-0.32035,0
-0.0060353,-0.38034,0.17372,0
0.16823,-0.18214,-0.33675,0
0,0,0.41818,0
-0.41246,0.065998,-0.019898,0
0.30173,-0.22216,-0.1857,0
-0.2622,-0.05922,0.32035,0
-0.16154,0.38566,0.0066349,0
0.12157,0.31821,-0.24257,0
0.017232,-0.36175,0.20909,0
-0.0070676,-0.025564,0.41734,0
0.38233,0.15306,0.072617,0
0.30876,-0.25908,-0.11143,0
-0.14902,-0.076827,-0.3831,0
0.11325,-0.18253,0.35879,0
-0.034338,0.16411,0.3831,0
-0.22325,-0.035722,-0.3518,0
-0.17245,0.050636,0.37759,0
0.18709,-0.17839,-0.32871,0
-0.11605,0.15249,-0.37169,0
0.36958,0.17592,-0.085646,0
0.37469,0,0.1857,0
-0.11899,-0.17884,-0.35879,0
0.40645,-0.078336,-0.059513,0
0.21381,-0.30026,0.1975,0
0.21667,0.12055,0.33675,0
-0.012585,0.1583,-0.39667,0
0.028079,-0.25177,0.34407,0
0.038587,-0.012673,-0.42534,0
-0.15781,0.23719,-0.31843,0
0.025545,0.047677,0.42384,0
0.10645,0.013584,-0.41358,0
-0.36655,0.21945,-0.0067791,0
0.15885,0.15146,0.36659,0
-0.16257,-0.38811,-0.074195,0
0.10042,0.41392,-0.033861,0
0.019414,-0.40754,0.12687,0
-0.39514,0.11602,0.11386,0
0.019304,-0.050528,-0.42384,0
0.33932,0.021565,-0.25876,0
-0.14033,-0.21092,-0.34407,0
-0.025084,-0.090729,-0.41677,0
-0.077134,-0.36864,-0.20179,0
0.14458,0.31659,0.24784,0
-0.17,-0.29445,0.25876,0
0.020759,0.017419,-0.42641,0
0.30576,-0.25656,-0.15249,0
-0.1949,-0.018611,0.37978,0
0.034167,-0.021958,0.42534,0
0.045806,0.049592,-0.42191,0
-0.22996,0.021958,-0.35944,0
-0.31163,0.11342,-0.26942,0
0.29157,-0.13879,0.2798,0
-0.34699,0.078372,0.23667,0
-0.10636,0.3847,0.15249,0
-0.086236,-0.037741,0.41677,0
0.39263,-0.15718,0.060807,0
-0.26719,0.30835,-0.12687,0
-0.072901,-0.095791,0.40997,0
-0.26512,-0.23719,-0.23667,0
-0.17296,-0.19961,0.33586,0
0.38826,0.15544,0.087508,0
-0.087233,0.4169,0.033861,0
0.13195,0.062808,0.40151,0
0.054526,0.17536,-0.3858,0
0.013556,-3.3204e-18,0.42706,0
-0.0023186,-0.14612,-0.40151,0
0.047692,-0.27047,-0.32731,0
-0.30478,0.20983,-0.21364,0
0.034789,0.31194,0.28991,0
0.34438,-0.19161,0.16507,0
-0.17402,-0.089715,-0.37978,0
0.13663,0.35762,-0.18974,0
-0.29938,-0.30417,-0.02033,0
0.098467,-0.31667,0.26942,0
-0.13165,-0.021065,-0.40594,0
0.24805,0.15941,0.30923,0
0.0071473,-0.011519,-0.42706,0
-0.13678,0.39521,-0.087508,0
0.22914,-0.029243,0.35944,0
-0.32639,-0.25668,-0.10073,0
-0.10725,0.0034047,0.41358,0
0.3762,0.097611,0.1775,0
-0.18686,-0.37702,0.074195,0
0.34494,0.11329,-0.22527,0
0.20398,-0.039315,0.37337,0
0.40296,-0.025609,-0.13975,0
0.23332,-0.2872,0.21364,0
0.069825,-0.098056,-0.40997,0
0.042568,0.052397,0.42191,0
-0.12114,0.20983,-0.35193,0
-0.0027179,0.17129,0.39143,0
-0.077586,-0.022781,-0.41955,0
-0.24672,0.19402,-0.28991,0
-0.38441,-0.086824,-0.16507,0
-0.15911,0.37985,-0.11386,0
0.054866,-0.0594,0.41955,0
0.019613,-0.018701,0.42641,0
-0.055312,0.3847,-0.1775,0
0.0075561,0.15862,0.39667,0
0.12971,-0.24209,0.32731,0
-0.38902,0.17025,0.047358,0
0.24756,0.34765,0.02033,0
-0.39903,-0.14524,-0.047358,0
0.25935,0.049986,-0.33586,0
-0.032907,-0.41392,0.10073,0
-0.30092,0.26922,0.13975,0
-0.043337,-0.30142,-0.29972,0
0.29237,0.21526,0.22527,0
0.38283,0,0.18974,0
0.031432,-0.12957,0.40594,0
-0.17857,0.23463,-0.30923,0
-0.29862,-0.17878,-0.24784,0
0.16729,-0.12317,-0.37337,0
-0.097464,0.19665,-0.36659,0
0.10065,-0.22039,0.35193,0
0.049471,0.28056,0.31843,0
-3.6705e-17,3.7292e-17,-0.42727,0
0,0,0.42727,0
0.36957,0.20562,-0.060807,0
-0.32275,-0.010245,-0.2798,0
-0.056029,-0.16188,-0.39143,0
0.17775,-0.046121,0.3858,0
-0.31021,-0.21357,0.20179,0
0.16055,0.25875,0.29972,0
-0.37973,0.19576,0.0067791,0
-0.21356,0.36989,0.08937,0
0.25283,0.35505,-0.020763,0
0.16622,0.054591,-0.39976,0
0.048706,-0.27623,0.33427,0
-0.12788,0.36948,-0.19377,0
0.24118,0.26111,-0.25312,0
-0.41216,-0.013083,0.14272,0
0.068391,-0.0087281,-0.43088,0
0.12739,0.23777,-0.343,0
-0.23081,-0.34692,-0.12957,0
-0.13085,-0.31238,0.27515,0
0.18154,0.047102,0.394,0
0.14894,-0.0094657,-0.41005,0
0.094107,-0.11584,0.41005,0
-0.24095,0.36216,-0.034582,0
-0.113,-0.40873,0.10288,0
-0.10126,-0.069713,0.41869,0
0.32357,-0.20795,-0.20608,0
0.14069,0.30808,-0.27515,0
-0.29924,0.20601,-0.24171,0
-0.080931,-0.23384,-0.35942,0
-0.2849,0.12469,-0.3061,0
0.013346,-0.28017,-0.33427,0
-0.038388,0.267,0.343,0
0.086803,-0.041319,-0.42564,0
0.04354,-0.070172,0.42848,0
-0.38921,-0.037165,0.19377,0
-0.071646,0.0641,0.42564,0
0.31577,-0.30109,0.0069233,0
-0.21684,-0.37557,-0.048366,0
0.17848,0.1147,-0.38132,0
-0.072019,0.14531,-0.40511,0
-0.091145,0.2176,-0.36709,0
-0.053781,-0.37406,-0.21818,0
0,0,0.43636,0
-0.10577,0.38258,0.18127,0
0.43192,0,0.062101,0
-0.41611,0.12218,0.048366,0
0.14548,-0.38078,0.15573,0
0.055619,0.22927,0.36709,0
-0.0029756,0.18752,-0.394,0
-0.041458,0.001316,-0.43439,0
0.41974,0.026675,0.11628,0
0.40383,0.16167,0.034582,0
-0.21994,0.11339,0.35942,0
0.077519,0.095418,-0.41869,0
-0.1542,-0.31113,0.26427,0
0.026789,-0.0069507,0.43549,0
-0.42559,0.096123,-0.0069233,0
-0.25923,-0.20386,0.28576,0
0.15556,0.40717,0.020763,0
0.24249,0.17854,-0.31581,0
-0.00021966,-0.013843,-0.43614,0
0.045526,-0.099688,-0.42238,0
-0.24824,-0.072891,-0.35139,0
-0.017764,0.22345,0.37439,0
0.10131,-0.41762,-0.075774,0
0.3584,0.1706,-0.18127,0
-0.29366,-0.12852,-0.29608,0
0.38154,0.048692,0.20608,0
-0.24282,-0.28022,-0.23006,0
0.074623,0.42321,0.075774,0
0.12244,0.39377,-0.14272,0
-0.041169,-0.036833,0.43285,0
-0.23791,0.27457,0.24171,0
-0.087476,-0.41806,-0.08937,0
0.13641,0.21984,0.35139,0
0.04461,-0.4,-0.16859,0
0.013844,0.29062,-0.32521,0
-0.022445,0.10727,0.42238,0
-0.17275,0.027643,0.39976,0
-0.30497,-0.18259,0.25312,0
0.40098,-0.16053,-0.062101,0
0.031775,0.026662,0.43439,0
-0.032305,-0.40635,-0.15573,0
-0.37316,-0.059709,0.21818,0
0.25043,-0.18439,0.3061,0
0.065504,-0.021513,0.43088,0
-0.39849,0.14504,-0.10288,0
-0.05499,0.0052509,-0.43285,0
0.078981,-0.11091,0.41458,0
0.04461,0.4,0.16859,0
0.32219,-0.27035,-0.11628,0
-0.14026,0.14251,0.38786,0
0.41668,-1.0206e-16,0.12957,0
-3.2363e-17,4.2525e-17,-0.43636,0
-0.2601,-0.26426,0.23006,0
0.056033,-0.060664,-0.42848,0
-0.021755,0.017108,-0.43549,0
0.20832,0.040151,0.38132,0
0.19634,-0.037841,-0.38786,0
0.25425,0.14146,0.32521,0
0.076593,-0.14295,0.40511,0
-0.21864,-0.049383,-0.37439,0
-0.3263,-0.11876,-0.26427,0
-0.28295,0.1694,-0.28576,0
0.012098,-0.0067314,0.43614,0
-0.28492,-0.14688,0.29608,0
0.040429,-0.13002,-0.41458,0
-0.18236,-0.23962,0.31581,0
-0.28884,0.17293,0.29171,0
-0.32474,0.14212,-0.26977,0
0.20043,-0.03863,0.39594,0
0,0,0.44545,0
0.033218,-0.10683,-0.43118,0
-0.028238,-0.00089639,-0.44456,0
-0.21645,-0.3749,-0.10502,0
0.32459,0.041424,-0.30225,0
0.16126,0.07676,0.40808,0
-5.4525e-17,1.7308e-18,-0.44545,0
0.37775,-0.024007,0.23485,0
0.053946,-0.22237,-0.38219,0
-0.033284,0.026175,0.44344,0
0.051741,-0.083391,-0.43451,0
-0.0066789,0.4209,0.14569,0
-0.2079,0.23993,-0.31248,0
-0.19066,0.38469,-0.1187,0
0.24519,0.098161,-0.35871,0
0.085152,0.092191,0.42741,0
-0.32341,-0.22265,0.21038,0
0.078189,-0.14593,0.41355,0
-0.40972,0.14912,-0.091232,0
0.26822,0.33015,0.13226,0
0.30116,0.28716,0.15898,0
-0.13992,-0.21031,0.36691,0
0.044238,-0.39667,0.19781,0
-0.23781,0.038052,-0.37474,0
0.31218,-0.1486,0.28088,0
-0.047911,-0.33323,-0.29171,0
-0.28274,-0.045241,-0.34124,0
-0.097694,0.0093286,0.43451,0
0.01955,0.4104,0.1721,0
0.27915,-0.34361,-0.049373,0
0.43603,0.084038,-0.035302,0
-0.03371,0.42403,-0.13226,0
0.43112,0.11186,-0.0070676,0
-0.030573,-0.38456,0.22273,0
-0.049372,-0.050161,0.43986,0
-0.39549,0.20389,0.021196,0
0.12854,0.41338,0.10502,0
0.005044,-0.013203,-0.44523,0
-0.042624,0.056008,-0.43986,0
0.049277,0.027417,-0.44187,0
-0.081743,-0.39066,-0.19781,0
-0.40393,-0.17678,0.063395,0
-0.14019,0.33468,0.25839,0
-0.26418,-0.23635,0.26977,0
0.29865,-0.21989,-0.24675,0
0.094311,-0.10211,-0.42321,0
0.30678,0.019496,-0.32239,0
-0.3763,-0.08499,-0.22273,0
-0.015027,-0.054352,0.44187,0
-0.062432,0.43422,-0.077352,0
-0.10026,-0.13175,-0.41355,0
0.045137,0.18606,0.40221,0
0.13594,-0.29766,0.30225,0
0.25565,-0.066332,0.35871,0
-0.013849,-0.040014,-0.44344,0
-0.19659,-0.39667,0.049373,0
0.22753,-0.19092,0.33198,0
0.35867,0.26408,0.0070676,0
-0.38754,-0.19979,0.091232,0
0.39035,0.1282,-0.1721,0
0.19393,-0.063692,-0.39594,0
0.14013,0.36679,-0.21038,0
-0.20663,-0.12371,0.37474,0
-0.38076,-0.13859,0.18505,0
-0.0054604,-0.013036,0.44523,0
0.14652,-0.20576,-0.36691,0
0.073668,-0.040988,-0.4374,0
0.084303,0,0.4374,0
-0.4059,0.091676,-0.15898,0
0.19929,-0.19002,-0.35015,0
-0.17027,0.25593,0.32239,0
0.014895,0.024007,0.44456,0
-0.41196,0.12096,0.1187,0
-0.24787,-0.28606,-0.23485,0
0.046475,0.10177,0.43118,0
-0.10829,0.18756,0.38926,0
0.26708,0.17164,0.31248,0
-0.40336,-0.038517,-0.18505,0
-0.0034362,-0.21655,-0.38926,0
0.30525,-0.19618,-0.25839,0
0.024137,-0.13689,0.42321,0
-0.26016,0.26432,0.24675,0
-0.34975,-0.27505,-0.021196,0
0.17229,0.24194,-0.33198,0
0.11651,-0.046643,-0.42741,0
0.28403,-0.036248,0.34124,0
0.15235,-3.7316e-17,-0.41859,0
-0.11749,0.42498,-0.063395,0
0.10807,0.20169,0.38219,0
-0.11354,0.10159,0.41859,0
-0.14348,0.41456,0.077352,0
0.21094,0.177,0.35015,0
-0.1577,0.10857,-0.40221,0
-0.4039,-0.1186,-0.14569,0
0.049218,0.44132,0.035302,0
0.031013,0.17588,-0.40808,0
0.016451,-0.34535,-0.28088,0
-0.033229,0.23111,0.38999,0
-0.1332,-0.38487,0.20185,0
0.15546,-3.8078e-17,-0.42713,0
0.0416,-0.091092,0.44338,0
0.38003,-0.24423,-0.050381,0
0.29726,0.32183,0.12112,0
-0.28649,0.17152,-0.30841,0
0.089068,-0.14355,-0.42199,0
0.13935,-0.17153,0.3972,0
-0.070054,0.015822,-0.44884,0
-0.30292,-0.009616,0.33876,0
-0.15666,0.3161,-0.28661,0
0.36357,-0.070073,-0.26366,0
0.010187,0.041989,0.45249,0
-0.30943,-0.24334,0.22727,0
0.022237,0.12611,-0.43613,0
0.12173,-0.2272,-0.3744,0
0.046058,-0.18985,-0.41042,0
0.020199,-0.18112,0.41641,0
-0.20036,-0.30115,-0.27528,0
-0.095439,0.085387,0.43613,0
-0.0022503,-0.14182,-0.43185,0
-0.38449,-0.036714,0.23965,0
0.26463,0.051004,-0.36603,0
-0.12975,-0.26179,0.3482,0
-0.18215,0.0057821,-0.41641,0
-0.13272,-0.31685,0.29766,0
0.39476,-0.21964,0.050381,0
0.080021,0.25735,0.36603,0
-0.09047,-0.43237,-0.10716,0
-0.12111,-0.43805,-0.0072118,0
0.36562,0.2692,0.021628,0
0,0,0.45455,0
-0.078807,-0.034489,-0.44633,0
0.055483,0.14523,0.42713,0
0.15956,0.13388,0.40402,0
-0.086325,0.31224,0.31885,0
0.36231,-0.26676,-0.064689,0
0.22104,0.35625,0.17561,0
0.322,0.30702,-0.093094,0
2.6487e-18,-5.5603e-17,-0.45455,0
-0.40787,0.14845,0.13496,0
-0.0011429,-0.014376,0.45432,0
0.3781,0.15137,-0.20185,0
0.020406,0.038085,-0.45249,0
-0.31083,0.091268,-0.31885,0
-0.25778,0.2975,-0.22727,0
0.20336,-0.1939,-0.3573,0
0.18596,0.40719,0.078931,0
-0.29476,-0.10728,0.32897,0
0.016345,0.34313,-0.29766,0
0.411,0.10664,-0.16222,0
-0.10231,0.13443,0.42199,0
0.3754,0.047908,0.25178,0
0.41769,-0.16722,0.064689,0
-0.28432,0.22359,0.27528,0
-0.30269,-0.18122,0.28661,0
0.033378,0.046872,0.45089,0
-0.36561,0.058502,0.26366,0
-0.13612,0.2046,0.38239,0
-0.063317,-0.44038,0.093094,0
-0.21906,0.37941,-0.12112,0
-0.017618,0.0842,0.44633,0
-0.17156,0.11811,-0.40402,0
-0.10953,-0.032162,-0.43998,0
0.30247,0.019222,-0.33876,0
0.0090937,0.011193,-0.45432,0
-0.025624,-0.01321,-0.45363,0
-0.12607,0.064992,0.43185,0
-0.037337,0.10788,0.43998,0
0.40066,0,0.21467,0
-0.34056,-0.23446,-0.18883,0
0.28447,-0.30798,-0.17561,0
-0.27745,-0.044395,0.3573,0
-0.33769,-0.30212,0.036023,0
0.069328,-0.22296,-0.38999,0
-0.30986,-0.31482,0.10716,0
0.37536,0.20884,-0.14867,0
0.051956,-0.024731,-0.45089,0
-0.028121,-0.0063513,0.45363,0
0.40996,0.19514,-0.021628,0
0.37768,-0.024002,-0.25178,0
0.40022,-0.10384,0.18883,0
-0.0071891,0.45306,-0.036023,0
0.40341,0.13249,0.16222,0
0.14299,-0.37428,-0.21467,0
0.3325,-0.279,-0.13496,0
0.16948,-0.238,-0.3482,0
-0.27524,-0.36166,0.0072118,0
0.017389,-0.09862,-0.44338,0
-0.17897,0.078326,0.41042,0
-0.027747,0.066242,0.44884,0
0.24489,-0.080428,0.3744,0
-0.38449,0.036714,-0.23965,0
-0.14472,-0.16702,-0.3972,0
0.027238,0.24423,-0.38239,0
-0.22382,-0.38767,-0.078931,0
0.36136,0.23223,0.14867,0
-0.23423,0.23797,0.30841,0
0.31115,-0.039709,-0.32897,0
-0.21639,0.24972,-0.32523,0
-0.28286,0.22244,0.29235,0
-0.10064,-0.36401,0.26894,0
0.029346,-0.001865,0.4627,0
0.18499,0.074061,0.41863,0
-0.075562,-0.36112,-0.28078,0
-0.15215,-0.044675,-0.43568,0
-0.058427,-0.0055791,0.45991,0
0.049376,0.031732,-0.45991,0
0.027789,-0.034206,0.46154,0
-0.23804,0.0075563,-0.39779,0
-0.090789,-0.046805,0.45224,0
0.082364,0.10138,-0.44486,0
0.2971,-0.21875,0.28078,0
-0.32679,0.095953,-0.31458,0
0.07722,-0.16909,0.42474,0
-0.13253,-0.058003,-0.44049,0
-0.006272,-0.043623,-0.46154,0
2.6815e-17,5.0048e-17,-0.46364,0
0.022058,0.46305,-0.007356,0
0.063503,0.06055,0.45526,0
-0.013656,-0.17177,0.43043,0
-0.24958,0.37513,0.10931,0
-0.058698,0.28053,0.36444,0
-0.17856,-0.42629,0.036743,0
0.029406,0,-0.4627,0
0.30791,-0.33336,-0.094956,0
0.43255,-0.11223,0.12355,0
-0.37985,-0.22742,0.13766,0
-0.25292,-0.38015,-0.08051,0
0.37369,-0.20792,-0.17912,0
-0.38145,-0.26261,-0.022061,0
0.22235,0.35836,0.1926,0
0.17872,-0.11486,-0.4121,0
0.29059,-0.27708,-0.23182,0
0.42907,-0.17177,-0.036743,0
-0.41138,0.092913,-0.1926,0
-0.15789,0.37694,0.21896,0
-0.36273,0.13202,-0.25682,0
0.30179,-0.25323,0.24444,0
0.0085328,-0.011983,0.4634,0
0.041356,-0.23454,0.39779,0
-0.18447,-0.37221,0.20589,0
0.021925,-0.46026,-0.051389,0
0.11885,-0.19154,0.40515,0
-0.40521,-0.09152,-0.20589,0
-0.0016206,0.10213,-0.45224,0
-0.081681,0.082987,0.44878,0
0.31138,0.33712,-0.065982,0
-0.10064,0.36401,-0.26894,0
0.146,-0.27249,-0.34553,0
0.035462,0.31797,0.33555,0
-0.19456,0.39257,-0.15164,0
0.35652,0.2625,-0.13766,0
-0.0058055,0.073025,0.45781,0
-0.10782,0.096462,0.44049,0
0.41858,0.19924,0.007356,0
0.15636,-0.40928,0.15164,0
-0.22528,-0.17716,-0.36444,0
0.39079,-0.049873,-0.24444,0
-0.1146,-0.33112,0.30362,0
-0.12068,0.15857,-0.41863,0
-0.18355,0.02937,-0.42474,0
0.29562,0.037727,-0.35517,0
0.21202,0.013474,0.4121,0
-0.18681,-0.16713,-0.39004,0
0.017271,0.07119,-0.45781,0
0.060845,0.34507,-0.30362,0
0.087744,-2.1491e-17,-0.45526,0
0.29263,0.056401,0.35517,0
0.061497,0.16097,-0.43043,0
0,0,0.46364,0
-0.0025159,-0.15855,0.43568,0
0.42807,0.14059,-0.10931,0
-0.45358,-0.014398,0.094956,0
0.066931,-0.21525,-0.40515,0
0.15945,0.22392,-0.37335,0
-0.42766,-0.068431,-0.16547,0
-0.18722,-0.246,0.34553,0
-0.24434,0.12596,0.37335,0
0.31416,-0.06055,-0.33555,0
-0.41829,0.18306,0.08051,0
-0.13132,0.37944,0.23182,0
0.41816,-0.19904,0.022061,0
0.10685,0.34362,-0.29235,0
-0.065576,0.45609,0.051389,0
-0.2835,0.16973,0.32523,0
0.44421,0.11526,0.065982,0
0.059096,-0.2436,0.39004,0
-0.40699,-0.14813,0.16547,0
0.02914,-0.26129,-0.38189,0
0.40629,-0.13344,0.17912,0
-0.012116,0.0083416,-0.4634,0
0.29762,0.16559,0.31458,0
0.089199,0.074847,-0.44878,0
-0.40682,0.038847,-0.21896,0
-0.065311,-0.11312,0.44486,0
0.18564,0.40649,-0.12355,0
-0.27078,-0.27511,0.25682,0
-0.17217,-0.19869,0.38189,0
0.38925,-0.25016,-0.096818,0
0.14611,0.38243,0.23636,0
0,0,0.47273,0
0.02168,0.45512,-0.12597,0
0.17863,0.39115,0.19638,0
-0.17603,-0.42026,0.12597,0
0.0070686,-0.029137,-0.47178,0
0.078386,0.44455,-0.14036,0
0.010855,0.01035,-0.47249,0
0.24281,-0.29887,-0.27421,0
-0.033567,0.42223,-0.20992,0
-0.17478,-0.35264,-0.26185,0
-0.096221,-0.45986,0.052396,0
0.27142,-0.38115,0.067276,0
0.4322,0.17303,0.082088,0
-0.0038527,0.2428,0.40559,0
0.037615,-0.21333,0.42018,0
0.27778,-0.30074,-0.23636,0
-0.26626,0.23821,-0.30957,0
0.24088,-0.03074,-0.40559,0
-0.21598,-0.078609,0.41309,0
0.40916,0.078859,0.22326,0
0.26269,0.19342,0.34213,0
-0.11595,0.091183,-0.44912,0
0.026564,0.08543,0.46418,0
0.41585,-0.026428,-0.22326,0
0.14519,-0.12183,0.43307,0
-0.11342,0.11523,-0.44422,0
0.18508,-0.13627,-0.41309,0
-0.3623,-0.057972,0.29808,0
0.19875,0.24464,-0.35231,0
-0.24461,-0.36766,0.16871,0
0.02799,0.11538,0.45758,0
0.016349,-0.1466,0.44912,0
0.10617,-0.23248,0.39768,0
0.2492,0.40164,-0.0075003,0
4.8702e-17,3.1299e-17,-0.47273,0
0.29946,0.098353,0.35231,0
-0.035984,0.17197,0.43886,0
0.021007,0.18836,-0.43307,0
0.35192,0.2953,0.11145,0
-0.39182,0.088496,0.24923,0
-0.24027,-0.27729,-0.29808,0
-0.34569,0.033009,0.32075,0
0.039379,-0.063467,-0.46679,0
-0.070848,0.2047,-0.42018,0
-0.30953,0.35722,0.0075003,0
0.28694,-0.055303,-0.37159,0
0.21852,0.40785,0.096818,0
0.021222,-0.039609,0.47059,0
-0.2964,-0.066944,-0.36213,0
-0.41259,0.12115,-0.19638,0
-0.05418,-0.071192,-0.46418,0
-0.36341,-0.21757,0.20992,0
-0.14014,-0.24273,0.38067,0
-0.30865,0.13508,0.33161,0
-0.034555,-0.43465,-0.18264,0
0.1501,-0.060091,0.44422,0
-0.44137,0.014011,-0.16871,0
0.18345,-0.087324,0.42684,0
-0.35914,-0.24725,0.18264,0
0.41262,0.22958,-0.022493,0
-0.10261,0.37115,0.27421,0
-0.041373,0.062186,0.46679,0
-0.039889,-0.27743,-0.38067,0
0.057926,0.01503,0.46892,0
-0.092536,-0.33471,-0.32075,0
0.030923,-0.09945,-0.46111,0
0.37542,0.023859,-0.28629,0
-0.0049056,-0.014174,0.47249,0
0.021256,-0.44622,0.15461,0
0.30311,0.32816,-0.15461,0
0.28485,-0.2716,0.26185,0
-0.20404,0.2681,-0.33161,0
0.021357,-0.055903,-0.46892,0
0.26806,-6.5657e-17,-0.38937,0
0.039267,-0.021848,-0.47059,0
0.098947,-0.032497,0.46111,0
-0.20926,0.42223,-0.037464,0
-0.4597,0.073557,-0.082088,0
0.27252,0.3827,-0.052396,0
-0.29885,-0.13079,-0.34213,0
-0.18804,-0.19105,0.38937,0
0.37618,0,0.28629,0
-0.33572,0.12219,0.30957,0
0.45292,-0.11752,-0.067276,0
-0.28038,-0.082328,0.37159,0
-0.029846,-0.00285,0.47178,0
-0.35483,-0.27904,0.14036,0
-0.0027876,-0.17567,-0.43886,0
-0.41886,-0.21593,0.037464,0
0.41481,0.19745,-0.11145,0
-0.11838,0.061028,0.45358,0
-0.12779,0.22134,-0.39768,0
-0.11866,-0.0037669,-0.45758,0
-0.0672,0.46739,0.022493,0
-0.25029,0.17231,0.36213,0
-0.15519,0.3705,-0.24923,0
0.13211,0.01686,-0.45358,0
-0.15142,-0.13547,-0.42684,0
-0.38617,0.2312,0.17195,0
-0.37507,0.16415,-0.25403,0
0.24748,-0.30462,0.27948,0
-0.17898,-0.0056816,-0.4473,0
-0.34982,-0.24083,-0.22755,0
-0.010011,0.011553,0.48158,0
0.064414,-0.26552,0.39686,0
-0.31453,-0.36299,0.038184,0
0.0050508,-0.10603,0.46998,0
-0.16933,0.40425,-0.20015,0
-0.10845,-0.1425,0.4473,0
0.15951,-0.041387,0.45276,0
0.12076,-0.0076748,-0.46638,0
0.31096,0.080684,-0.35908,0
-0.24994,-0.073389,-0.40533,0
0.39643,-0.1302,0.24091,0
-0.11181,0.076975,-0.4623,0
-0.093435,-0.26996,-0.38799,0
-0.02174,-0.1039,-0.46998,0
0.2663,-0.28831,-0.27948,0
-0.15315,0.44248,-0.11359,0
-0.075783,0.0072364,0.47577,0
0.076709,0.049298,-0.47311,0
-0.107,-0.16083,-0.4414,0
-0.30825,0.09051,0.35908,0
0.12012,-0.16868,0.43505,0
0.11911,0.38306,0.26689,0
-0.46284,0.10454,-0.083667,0
0.066579,0.37759,0.29179,0
0.079265,0.12775,0.45776,0
-0.4211,-0.095109,-0.21396,0
0.011711,0.0098264,-0.48158,0
0.26938,0.37829,0.12839,0
-0.47475,-0.045334,0.06857,0
0.22683,0.42336,-0.038184,0
0.30908,0.019643,-0.36909,0
-0.027086,0.054651,-0.47794,0
0.30929,0.17208,-0.32692,0
0.24006,-0.3869,0.15759,0
0.076106,-0.43162,0.20015,0
0.16954,-0.16166,0.42104,0
0.25839,-0.032976,0.40533,0
0.12255,0.32078,0.33798,0
-0.016927,0.025442,0.48085,0
0.11862,-0.065998,0.4623,0
0.456,0.087888,-0.12839,0
0.44441,0,0.18615,0
-0.066762,-0.13471,-0.45776,0
0.19113,-0.41851,0.14306,0
-0.0014467,0.091173,0.47311,0
0.036881,-0.027155,0.47964,0
-0.31573,-0.32078,-0.17195,0
0.022923,0.48121,-0.0076445,0
0.43237,0.20581,-0.053404,0
0.38009,0.15216,0.25403,0
0.29032,0.27682,-0.26689,0
-0.023604,-0.2969,0.37873,0
0.32195,0.34856,0.083667,0
0.15928,0.34876,-0.29179,0
-0.0036296,0.045656,-0.47964,0
-0.395,0.20364,-0.18615,0
0.13492,-0.25181,0.38799,0
-0.18698,0.32386,-0.30381,0
-0.45225,-0.1646,0.022926,0
-0.033338,0.23187,-0.42104,0
0,0,0.48182,0
0.46824,-1.1468e-16,0.11359,0
0.38304,-0.24616,-0.15759,0
-0.34259,-0.14993,0.30381,0
2.1058e-17,-5.512e-17,-0.48182,0
0.3612,0.046097,-0.31552,0
0.24303,-0.04684,-0.41339,0
-0.16454,0.14721,-0.42826,0
0.01438,0.059275,0.47794,0
-0.31244,0.11372,-0.34871,0
-0.032245,-0.11663,0.46638,0
-0.26136,-0.20553,0.34871,0
0.25365,-0.10155,-0.39686,0
-0.2358,-0.40842,-0.09868,0
-0.16471,0.0052285,-0.45276,0
-0.074577,0.35642,0.31552,0
-0.16121,-0.38487,-0.24091,0
0.027592,-0.013134,-0.48085,0
-0.060441,-0.42038,0.22755,0
-0.34289,-0.30677,-0.14306,0
0.2494,0.18363,0.36909,0
-0.26473,-0.13648,-0.37873,0
0.33071,-0.2775,0.21396,0
-0.12567,0.45455,0.09868,0
-0.40918,-0.24498,-0.06857,0
-0.20796,0.27326,-0.33798,0
0.021411,-0.19199,0.4414,0
-0.47283,0.075659,0.053404,0
-0.0032856,-0.20706,-0.43505,0
0.053397,0.47879,0.0076445,0
0.13921,0.17136,0.42826,0
0.1429,-0.45957,-0.022926,0
-0.24439,-0.039105,0.41339,0
0.33627,0.11044,0.32692,0
-0.053402,0.054256,-0.47577,0
-0.38461,-0.19828,-0.23184,0
-0.071655,0.34245,0.34436,0
-0.29652,0.3422,0.18966,0
-0.41226,-0.24682,0.10054,0
0.37413,-0.072108,0.30954,0
-0.28516,0.10379,0.38588,0
-0.24804,0.19506,-0.37606,0
0.21657,0.40422,-0.1752,0
-0.33723,0.032202,0.35529,0
-0.37443,-0.16387,0.27192,0
0.012543,-0.0092349,-0.49066,0
-0.11443,-0.33063,-0.34436,0
0.017159,-0.36021,0.33309,0
-0.11245,-0.26846,0.39531,0
0.43184,-0.027444,0.23184,0
0.27446,-0.38542,-0.13081,0
0.42327,0.20148,0.14576,0
-0.46387,-0.1362,-0.085245,0
-0.11786,-0.2378,-0.41298,0
-0.22135,0.22489,0.37606,0
0.19051,0.049431,-0.44973,0
0.33877,0,-0.35529,0
0.39469,0.15801,-0.24545,0
-0.19659,0.13534,0.42898,0
-0.32127,-0.25265,-0.27192,0
0.197,-0.36769,0.25882,0
-0.063888,-0.043984,-0.48474,0
0.47707,-1.1685e-16,0.11574,0
-0.024757,-0.089546,-0.48204,0
0.096194,0.15503,-0.45574,0
-0.00049399,-0.031131,-0.48992,0
-0.43557,0.098379,-0.20393,0
0.39667,-0.050622,-0.28476,0
0.049853,-0.16033,-0.4613,0
-0.19532,0.33831,-0.2973,0
0.038598,-0.10103,0.47885,0
0.073825,-0.41868,0.24545,0
0.11635,0.074773,-0.47102,0
-0.47108,0.075378,-0.11574,0
-0.13623,-0.179,0.43634,0
0.35417,-0.3377,0.038905,0
-0.016721,-0.21033,-0.44325,0
0.14316,0.15499,0.44325,0
-0.47096,0.13829,-0.0077887,0
-0.13143,0.078685,-0.4664,0
-0.41962,-0.15273,0.20393,0
-0.16054,0.46385,0.0077887,0
0.013855,0.044559,0.48869,0
-0.32542,-0.33063,-0.16056,0
0.092158,0.011761,0.48204,0
0.39567,0.22015,-0.18966,0
0.23689,0.22588,0.36586,0
0.48248,0.030662,0.085245,0
0.35248,-0.11577,-0.32148,0
0.25215,0.31037,0.28476,0
0.010791,0.061201,0.48696,0
0.023285,0.48881,-0.038905,0
-0.21692,-0.19407,-0.39531,0
0.023851,0.020013,0.48992,0
-0.075984,-0.36314,0.32148,0
0,0,0.49091,0
-0.054749,0.11047,-0.47517,0
-0.18131,0.27252,-0.36586,0
-0.23439,-0.40597,-0.14576,0
-0.21639,-0.32524,0.2973,0
-0.11948,-0.13789,0.45574,0
0.43569,0.14309,0.1752,0
0.47182,0.090936,-0.10054,0
0.17342,0.45391,-0.069864,0
-0.44922,0.1966,0.023358,0
0.17771,-0.084592,0.44973,0
0.059451,-0.24506,-0.42119,0
-0.16993,0.4057,0.218,0
0.11392,-0.12334,0.4613,0
-0.043187,0.30037,-0.38588,0
-0.018915,0.23793,-0.42898,0
0.20267,0.4438,0.054411,0
5.5813e-17,-2.2344e-17,-0.49091,0
-0.48568,-0.046376,-0.054411,0
0.11564,-0.25322,-0.40435,0
0.36881,-0.095692,-0.30954,0
0.39805,-0.25581,0.13081,0
-0.36044,-0.011442,-0.33309,0
-0.42904,-0.096904,-0.218,0
-0.31088,0.27813,-0.25882,0
0.26909,0.37789,0.16056,0
-0.22212,-0.035542,-0.43634,0
0.13295,-0.21427,0.42119,0
-0.1531,0.0048601,0.4664,0
-0.0022166,-0.015417,0.49066,0
-0.037636,0.049453,-0.48696,0
0.035747,-0.029995,-0.48869,0
0.42461,-0.23625,0.069864,0
-0.09613,0.049558,-0.47885,0
0.062572,0.25792,0.41298,0
0.05435,0.48733,-0.023358,0
-0.0044167,0.27834,0.40435,0
0.06246,0.045989,0.48474,0
0.013665,-0.12253,0.47517,0
0.087209,-0.10734,0.47102,0
0.0095385,-0.20024,-0.45805,0
-0.32706,-0.37745,-0.023791,0
0.41591,-0.1665,0.22203,0
0.2316,0.28508,0.33925,0
0.47354,-0.15553,-0.039625,0
0.048488,-0.040686,0.49598,0
0.33271,0.021145,-0.37263,0
-0.37986,-0.26152,0.19317,0
-0.071795,-0.1714,-0.46418,0
-0.22624,0.0362,0.44442,0
0.24147,-0.3391,-0.27696,0
0.28086,-0.2678,0.31528,0
-0.48719,0.046521,0.1024,0
0.26997,0.29228,-0.3028,0
0.084186,0.27074,-0.41184,0
-0.0045131,-0.031389,0.49899,0
0.003759,0.078911,0.49372,0
-0.29656,0.087078,0.39303,0
0.11609,0.47852,0.086824,0
-0.0050992,-0.32135,0.38302,0
-0.10512,0.30372,-0.38302,0
-0.047313,0.081948,0.49096,0
0.26544,0.051158,-0.42063,0
-0.13516,-0.2341,0.42063,0
0.13634,0.075855,-0.47504,0
0.28696,-0.21128,-0.35074,0
0.22911,0,-0.44442,0
0.30429,0.22404,-0.32743,0
-0.22829,0.11769,0.42899,0
0.48597,-0.093662,0.071157,0
0.39423,-0.10229,0.29003,0
0.30639,-0.37713,0.11788,0
0.18434,0.023525,0.46418,0
-0.42789,0.18726,0.17844,0
-0.41348,0.24755,-0.13324,0
0.12315,-0.26966,-0.40264,0
0.12817,-0.20657,-0.43692,0
-0.11996,-0.12188,-0.46985,0
0.4511,0.18059,-0.11788,0
-0.18117,-0.16209,0.43692,0
-0.29511,-0.02818,0.40264,0
0.013863,-0.007713,-0.49975,0
-0.32764,0.33288,-0.17844,0
0.055245,0.49536,0.039625,0
0.11715,-0.48291,-0.055419,0
-0.24746,0.28558,0.32743,0
0.37076,0.23827,-0.23614,0
-0.42851,-0.25655,0.023791,0
-0.44364,0.1002,-0.20771,0
0.44868,-0.21357,0.055419,0
-0.028187,-0.014531,-0.49899,0
-0.30277,-0.39783,-0.007933,0
-0.42237,-0.095397,-0.25,0
-0.17308,0.41321,-0.22203,0
0.27408,0.38489,0.16353,0
-0.041574,0.15038,0.47504,0
-0.07948,-0.37985,-0.31528,0
0.24178,-0.26177,0.35074,0
0.018794,-0.060442,-0.49598,0
0.23255,-0.43403,-0.086824,0
0.010488,-0.094043,-0.49096,0
0.083685,-0.4746,0.13324,0
-0.072373,-0.031674,-0.49372,0
0.33164,0.15786,-0.33925,0
-4.8132e-17,3.7851e-17,-0.5,0
-0.49969,-0.015862,0.007933,0
0.29917,0.077625,-0.39303,0
0.11016,-2.698e-17,0.48771,0
-0.20619,-0.060544,-0.45146,0
0.039983,-0.025696,0.49774,0
-0.1391,-0.022257,-0.47975,0
-0.23534,0.35373,-0.26361,0
-0.118,0.042949,-0.48397,0
0.16919,0.37048,-0.29003,0
0.10119,-0.26486,0.41184,0
-0.0068702,0.43296,0.25,0
0.34196,0.32606,-0.16353,0
-0.07594,-0.15322,0.46985,0
0.0083639,0.01348,0.49975,0
0.10993,-0.0069865,-0.48771,0
-0.037537,-0.13577,0.47975,0
-0.041071,-0.11867,0.48397,0
0.045155,0.01483,-0.49774,0
-0.44866,-0.1633,-0.14846,0
-0.065632,0.45648,-0.19317,0
-0.2746,0.18905,0.37263,0
0.31889,0.26758,0.27696,0
0.20065,0.3745,0.26361,0
-0.090264,0.43138,0.23614,0
-0.21733,0.4385,-0.1024,0
0,0,0.5,0
0.059915,0.3398,0.36187,0
-0.031532,0.39663,0.3028,0
0.12314,0.32232,-0.36187,0
-0.20189,-0.15877,-0.42899,0
-0.036044,-0.45339,0.20771,0
-0.1494,0.13366,0.45805,0
-0.47721,0.015149,0.14846,0
-0.27414,-0.41205,-0.071157,0
0.21317,-0.027204,0.45146,0
-0.083859,-0.30332,-0.40017,0
-0.12976,-0.1161,-0.47839,0
0.0082849,0.17392,0.47839,0
-0.10394,-0.49673,-0.040345,0
-0.25426,-0.44039,0.024224,0
-0.28045,-0.36851,-0.21148,0
-0.15074,-0.30414,-0.37941,0
0.099756,0.16078,-0.47262,0
-0.050659,-0.039839,-0.505,0
-0.40803,0.24429,0.18169,0
-0.11075,-0.017721,-0.49658,0
0.47722,0.060903,0.16651,0
0.32658,-0.020755,0.38999,0
0.01673,0.094882,-0.49989,0
0.038939,-0.34915,0.36845,0
0.28022,0.11218,-0.40996,0
0.11173,0.062164,0.49277,0
-0.0063746,-0.080184,0.5027,0
0.12792,0.094185,-0.48367,0
0.41033,-0.2283,0.19668,0
6.1844e-17,-7.8925e-18,-0.50909,0
0.18883,0.012,0.47262,0
-0.15246,0.22915,-0.42827,0
-0.16044,0.12617,-0.46638,0
-0.063638,0.010183,0.505,0
0.094353,0.060637,0.49658,0
0.054998,0.2267,0.4525,0
-0.051636,-0.35913,0.35711,0
-0.38542,-0.087051,-0.32101,0
0.13315,-0.053307,0.48847,0
-0.016144,0.027963,-0.50807,0
0.42675,-0.11073,0.25455,0
-0.10403,-0.12005,0.48367,0
0.22115,0.18556,0.41933,0
-0.33995,0.30414,-0.22607,0
-0.20388,0.14036,-0.44487,0
0.058215,0.055508,-0.5027,0
0.42633,-0.14002,-0.24043,0
-0.3799,0.16626,-0.2953,0
0.20552,0.45003,0.12002,0
0.011523,0.030162,0.50807,0
0.47875,0.15724,-0.072451,0
0.22176,0.4139,-0.19668,0
-0.48105,0.14125,-0.088403,0
-0.28854,-0.0091594,-0.41933,0
0.038969,-0.028692,-0.50679,0
0.08706,-0.49374,0.088403,0
-0.1442,-0.41664,-0.25455,0
0.020583,-0.4321,0.26841,0
-0.29716,0.39047,0.13566,0
-0.21364,0.43105,-0.16651,0
-0.37115,-0.22221,-0.26841,0
0.075619,-0.12187,-0.48847,0
-0.25864,-0.094136,0.42827,0
0.26459,-0.37156,0.22607,0
0.36579,0.17412,0.30831,0
0.48233,0.12515,-0.10427,0
-0.0062404,0.014898,0.50883,0
0.11104,-0.35711,0.34542,0
-0.10103,-0.2412,-0.43679,0
0.14862,-0.27739,0.40017,0
-0.4925,-0.047028,-0.12002,0
-0.3257,-0.095633,0.37941,0
0.23683,-0.22582,-0.38999,0
0.30653,-0.37731,0.15116,0
-0.096684,0.34971,-0.35711,0
-0.0034715,-0.21878,-0.45967,0
-0.26829,0.13831,0.40996,0
-0.10531,-0.072503,-0.49277,0
0.20823,-0.13382,0.44487,0
0.016152,0,-0.50883,0
-0.45199,-0.23301,-0.024224,0
0.096346,-2.3598e-17,0.49989,0
-0.13366,0.15426,0.46638,0
0.38602,-0.32391,0.072451,0
0.15127,-0.39594,-0.282,0
-0.16364,-0.16626,-0.4525,0
0.2681,-0.29026,0.32101,0
-0.078798,0.37659,-0.33338,0
0.28904,0.4059,0.10427,0
-0.383,0.036572,0.33338,0
0.056249,0.50436,0.040345,0
-0.038526,0.4846,-0.15116,0
-0.46285,0.014693,0.21148,0
0.4294,-0.2044,-0.18169,0
0,0,0.50909,0
0.030514,0.037559,0.50679,0
-0.49652,0.11214,-0.0080772,0
0.097768,-0.403,0.2953,0
-0.32184,-0.14085,-0.36845,0
0.36722,0.070775,-0.34542,0
-0.24857,-0.37361,0.24043,0
0.34329,0.37167,0.056427,0
-0.0064275,0.40506,-0.30831,0
-0.060321,0.41954,0.282,0
0.48182,-0.092862,-0.13566,0
0.15114,0.48607,0.0080772,0
0.10863,-0.23788,0.43679,0
-0.35491,0.36059,-0.056427,0
-0.071564,0.20677,0.45967,0
0.057705,0.15104,0.49231,0
0.41626,0.26752,-0.15386,0
-0.031873,0.40092,-0.32674,0
-0.12372,0.4475,0.23011,0
-0.51265,0.016273,-0.073745,0
0.17879,0.071578,-0.48106,0
0,0,0.51818,0
0.17561,0.28303,-0.39695,0
0.030511,-0.012215,-0.51714,0
-0.099138,-0.4738,0.18493,0
-0.10451,0.49949,-0.089981,0
-0.36845,0.16125,0.32674,0
-0.23161,0.052312,-0.46058,0
-0.35128,-0.31428,-0.21526,0
0.2779,-0.035465,-0.43592,0
-0.091628,-0.26474,0.43592,0
-0.17673,-0.17955,-0.45281,0
-0.2439,-0.36659,0.2732,0
-0.2588,0.44825,0.024656,0
-0.42189,-0.013392,-0.30057,0
0.38847,0.049576,-0.33934,0
-0.078701,-0.1588,0.48693,0
0.0038761,-0.015977,0.51792,0
-0.22438,-0.38864,0.25909,0
0.12597,0.032684,-0.50157,0
0.17044,0.23936,-0.42681,0
0.020528,0.43093,-0.28703,0
-0.46922,-0.044805,0.21526,0
0.077926,0.44194,-0.25909,0
-0.48318,-0.14187,0.12217,0
-0.060071,0.4178,0.30057,0
-0.19795,-0.10205,-0.46788,0
0.34221,-0.1904,0.33934,0
0.0072708,-0.065194,-0.51401,0
-0.0048746,0.3072,0.41728,0
-0.086044,-0.20542,0.46788,0
0.10953,-0.17653,-0.47471,0
0.32571,0.40092,0.041066,0
0.021346,0.1914,0.48106,0
0.3267,-0.40213,0.0082215,0
-0.28108,0.22105,0.37503,0
-4.1557e-17,4.7959e-17,-0.51818,0
0.40551,-0.29857,-0.12217,0
-0.01611,0.046547,-0.51584,0
0.46931,-0.090452,-0.2002,0
0.37272,-0.35538,0.057434,0
-0.49713,0.14597,-0.0082215,0
0.17825,-0.46656,0.13808,0
0.28853,0.05561,0.42681,0
0.076459,-0.43362,-0.2732,0
-0.15931,0.38033,0.31382,0
0.18974,-0.41548,0.24472,0
-0.095602,-0.11033,0.49719,0
0.33888,-0.36689,-0.13808,0
-0.15966,-0.025547,-0.49231,0
-0.17825,-0.10672,0.47471,0
0.087067,0.3589,-0.36349,0
-0.43517,0.26054,-0.10613,0
0.48968,0,-0.16948,0
0.10617,0.34146,-0.37503,0
0.18234,0.17386,0.45281,0
-0.076936,-0.028002,0.51167,0
-0.019903,0.026153,0.51714,0
0.37512,-0.31476,0.16948,0
0.51499,-1.2614e-16,-0.057434,0
-0.26813,0.40301,-0.18493,0
0.46263,-0.12004,0.2002,0
0.51187,0.032531,0.073745,0
-0.1182,0.23849,-0.44459,0
-0.063273,-0.22886,0.46058,0
0.029118,-0.093644,-0.50882,0
-0.094032,0.064736,0.50545,0
-0.10733,-0.14103,-0.48693,0
0.043043,0.023948,0.51584,0
-0.38497,0.34442,-0.041066,0
-0.001299,-0.081863,-0.51167,0
0.31068,-0.19966,0.36349,0
0.44111,0.14487,-0.23011,0
0.50618,-0.032168,0.10613,0
-0.26497,0.025302,0.44459,0
0.061462,-0.11471,0.50157,0
0.021733,-0.45624,-0.24472,0
0.31588,0.26505,-0.31382,0
-0.4054,0.14756,0.28703,0
0.21502,0.47082,-0.024656,0
-0.077086,-0.060621,0.50882,0
0.1858,-0.26092,-0.40732,0
0.011155,0.012077,-0.51792,0
0.39846,0.29338,0.15386,0
-0.0093356,-0.06493,0.51401,0
-0.21552,0.21896,-0.41728,0
-0.28459,-0.19592,0.38618,0
0.3437,-0.1636,0.35159,0
-0.11136,-0.025151,-0.50545,0
-0.3289,0.052627,0.39695,0
-0.31652,-0.13852,-0.38618,0
-0.45358,0.23384,0.089981,0
0.3437,0.1636,-0.35159,0
0.15128,0.28235,0.40732,0
0.1387,-0.045553,-0.49719,0
0.014227,-0.29866,-0.4343,0
0.36079,0.26564,-0.27799,0
-0.36159,-0.24893,0.29207,0
0.42605,0.054372,0.30585,0
0.30983,0.33544,-0.26364,0
-0.0066571,-0.41953,-0.31932,0
0.48944,-0.19594,-0.0083657,0
-0.36655,0.082789,-0.36987,0
-0.45893,0.073434,-0.24902,0
-0.29903,-0.3451,0.26364,0
0.26217,-0.068023,-0.45239,0
0.076118,-0.2448,0.46076,0
0.073247,-0.09016,-0.51432,0
0.058082,0.5208,0.058442,0
0.42498,-0.23645,-0.20371,0
0.52721,0,0.0083657,0
-0.4328,0.18941,-0.23414,0
0.322,-0.10576,0.40391,0
0.088594,-0.36519,0.36987,0
-0.21129,-0.0067073,-0.48304,0
-0.0079081,-0.099473,0.51774,0
0.20421,-0.32912,-0.35776,0
0.24523,-0.45771,0.09156,0
0.0097039,-0.013627,-0.52701,0
-0.097279,0.11227,0.50591,0
0.29359,-0.056585,0.4343,0
-0.20348,-0.48578,-0.025089,0
-0.4831,0.14185,-0.15656,0
0.0018542,-0.016626,0.52701,0
0.2243,0.089797,0.46866,0
-0.26115,-0.11429,0.44357,0
-0.44288,-0.22832,0.17245,0
-0.023459,0.023834,0.52621,0
0.46886,-0.22318,-0.09156,0
-0.20621,-0.046574,0.48304,0
0.17708,0.034129,-0.49547,0
0.39612,0.10278,0.33247,0
-0.064095,0.18519,-0.4895,0
-0.28601,-0.22492,-0.38161,0
-0.0031092,0.19594,0.4895,0
-0.23238,-0.13913,0.45239,0
-0.062723,-0.022829,-0.52303,0
-0.030353,0.039884,-0.52489,0
0,0,0.52727,0
0.11572,0.064384,0.51037,0
0.29936,0.4204,-0.10799,0
0.23589,-0.22492,-0.41446,0
-0.12553,-0.18868,0.47609,0
-0.11384,0.2297,-0.46076,0
-0.064345,0.096714,0.51432,0
0.25739,0.12252,-0.44357,0
-0.41042,0.28255,-0.17245,0
0.22122,0.35653,0.31932,0
0.21835,0.47812,-0.041786,0
0.38931,-0.32667,0.1405,0
0.24112,0.015324,-0.46866,0
0.22943,0.28241,0.38161,0
-0.02506,0.043406,0.52489,0
0.14855,-3.6384e-17,-0.50591,0
-0.33875,0.010753,-0.40391,0
0.090628,-0.51398,-0.075039,0
-0.043842,-0.15858,-0.50095,0
0.36781,0.3507,-0.1405,0
-0.16889,-0.1511,-0.47609,0
0.11157,-0.29204,0.4246,0
-0.27953,-0.284,0.34529,0
-0.060432,-0.079407,-0.51774,0
-0.48151,0.17525,0.12431,0
-0.4041,-0.064661,-0.33247,0
-0.035287,0.12764,-0.51037,0
0.37426,-0.27556,0.24902,0
-0.057269,0.034287,0.52303,0
-0.0047593,-0.033101,-0.52621,0
-0.38558,-0.036818,0.35776,0
0.22968,0.42868,0.20371,0
-0.17578,-0.30447,-0.39296,0
-0.15786,-0.046353,0.50095,0
-0.074049,0.038175,-0.52065,0
0.32055,-0.34705,0.23414,0
0.18702,0.48952,-0.058442,0
-0.1853,0.44238,0.21904,0
-0.014292,0.17977,0.49547,0
0.44443,-0.056718,0.27799,0
-0.21299,-0.42974,-0.21904,0
0.39253,0.32937,-0.12431,0
0.019641,0.080961,0.52065,0
-0.061125,0.42513,-0.30585,0
-0.10088,0.48211,-0.18818,0
0.29576,0.19007,0.39296,0
-0.24574,0.19325,-0.4246,0
-0.39172,0.35046,0.041786,0
0.43417,-0.27902,0.10799,0
0.49156,-0.031239,0.18818,0
-1.3225e-17,-6.3204e-17,-0.52727,0
0.015509,0.32557,0.41446,0
-0.52429,0.050064,0.025089,0
0.13035,0.41919,-0.29207,0
0.37859,0.12434,-0.34529,0
-0.1707,-0.4932,0.075039,0
0.20916,-0.45799,0.15656,0
-0.057304,-0.20727,0.49137,0
-0.50574,0.080924,0.15926,0
-0.066106,-0.45978,-0.26818,0
-0.17946,-0.42844,0.26818,0
-0.3354,0.38708,-0.15926,0
0.52501,-0.10119,0.042507,0
0.25883,-0.24679,-0.39973,0
-0.12598,0.45568,-0.25331,0
-0.21969,-0.44326,-0.20722,0
0.27424,0.38511,0.25331,0
0.19393,-0.12463,-0.4843,0
-0.0094265,0.014168,-0.53609,0
-0.36782,0.25323,-0.2971,0
-0.042074,0.52923,0.076333,0
0.26078,0,0.4687,0
-0.0064314,-0.40531,0.35124,0
-0.020789,-0.099356,0.52667,0
0.010731,0.013208,0.53609,0
-0.06,0.17336,-0.50402,0
0.18308,-0.011635,0.50402,0
0.52077,-0.06646,-0.10985,0
0.43393,-0.20655,0.23818,0
-0.52312,-0.11815,-0.0085099,0
0.086101,0.2769,0.45122,0
0.13532,-0.43521,0.28278,0
-0.45736,0.27382,0.05945,0
0.01202,0.049547,0.53393,0
0.32344,-0.17996,-0.38818,0
-0.33006,0.031517,0.42161,0
0.5004,0.12984,-0.14293,0
-0.056428,0.26968,0.46019,0
-0.022277,-0.025709,0.53528,0
-0.42156,-0.33152,0.0085099,0
0.43301,0.14221,-0.28278,0
0.33372,-0.086588,-0.41088,0
-0.076246,0.5303,0.025521,0
0.23663,0.44165,0.19142,0
0.12605,-0.5196,-0.042507,0
0.048439,-0.015909,-0.53393,0
0.37375,-0.31361,-0.22281,0
-0.12341,-0.054008,0.51917,0
0.51705,0.065986,0.12645,0
0.053437,-0.065775,-0.52963,0
-0.29134,0.1275,-0.43192,0
0.22497,-0.24356,-0.42161,0
-0.23041,0.0073141,0.4843,0
-0.28581,0.10403,0.44179,0
0.050355,0.28557,-0.45122,0
-0.20879,0.27435,0.41088,0
0.028904,0.25917,-0.4687,0
-0.45551,-0.27271,-0.076333,0
-0.13616,-0.3934,0.33821,0
0.14029,-0.056162,-0.51464,0
0.3596,-0.26477,0.2971,0
-0.0018748,0.11815,-0.52319,0
0.38689,0.074567,-0.36393,0
0.057121,0.036709,0.53205,0
0.29283,0.24571,-0.37625,0
0.025364,0.53246,-0.05945,0
-0.094493,0.096005,-0.51917,0
0.15233,-0.39871,0.32483,0
-0.11668,-0.01867,0.52319,0
0.0679,-1.6631e-17,-0.53205,0
0.19964,0.43715,-0.23818,0
-0.091514,-0.12025,0.51464,0
0.48391,0.19373,-0.12645,0
-0.27034,-0.13937,-0.44179,0
-0.10146,-0.0032206,-0.52667,0
0.38149,0.024245,0.37625,0
0.023835,-0.21372,-0.49137,0
0.31621,0.3015,0.31112,0
-0.28266,0.14572,0.43192,0
-0.18507,0.32054,0.38818,0
-0.041861,-0.52655,-0.093139,0
0.084722,-0.48048,0.22281,0
0,0,0.53636,0
3.4631e-17,5.5815e-17,-0.53636,0
0.29987,-0.42111,0.14293,0
0.21056,-0.46106,-0.17543,0
0.24946,-0.4656,0.093139,0
-0.23582,0.069243,-0.47674,0
0.14625,0.081372,0.50958,0
-0.18317,-0.16388,0.47674,0
-0.34703,-0.35258,0.20722,0
0.017935,-0.028906,-0.53528,0
0.11356,0.12294,-0.50958,0
-0.26788,-0.46398,-0.025521,0
-0.39119,-0.14238,-0.33821,0
-0.088523,0.17861,0.49794,0
-0.3355,0.26384,-0.32483,0
-0.046943,-0.070557,0.52963,0
0.098329,0.25737,-0.46019,0
-0.37805,-0.111,0.36393,0
0.017017,-0.35723,0.39973,0
0.3945,0.18778,-0.31112,0
0.40347,0.29707,-0.19142,0
-0.52262,-0.049904,0.10985,0
-0.19445,0.043918,-0.49794,0
-0.33388,-0.22986,-0.35124,0
-0.19582,0.46751,0.17543,0
0.34788,0.29191,0.30214,0
-0.0049074,-0.30927,-0.44928,0
-0.11963,0.011423,-0.53205,0
0.032686,-0.29308,-0.45887,0
0.40222,0.1321,-0.34394,0
-0.063232,-0.43979,-0.31639,0
0.24193,-0.062772,0.48482,0
-0.12658,0.087141,-0.52336,0
0.072575,-0.13545,0.52336,0
-0.004109,-0.051686,0.54298,0
-0.1326,-0.22967,0.47665,0
-0.1153,0.033856,0.53205,0
0.39471,-0.37636,0.0086542,0
0.012525,0.011943,0.54518,0
-0.03416,-0.005466,0.54436,0
0.064933,0.20883,0.4997,0
0.025559,-0.53656,0.094717,0
-0.22627,-0.45654,0.19467,0
-0.37622,-0.011943,-0.39476,0
0.011742,0.012713,-0.54518,0
0.38561,0.049212,0.38262,0
0.46062,0.18441,-0.22659,0
0.016279,-0.067104,-0.54107,0
-0.034399,0.43269,-0.33033,0
0.26043,-0.19175,0.43924,0
0.15924,0.29721,-0.42876,0
-0.024267,-0.024656,-0.54436,0
-0.18421,0.029476,-0.51256,0
-0.31485,-0.36336,-0.2576,0
0.16645,0.36448,0.3701,0
0.46706,-0.18698,0.21073,0
-0.1548,-0.36957,-0.3701,0
-0.1255,0.054923,0.52797,0
0.098357,0.15852,0.51256,0
-0.1615,0.32587,0.40651,0
-0.31839,-0.41836,0.14535,0
-0.42902,-0.29536,0.16196,0
-0.11467,-0.33133,-0.41784,0
0.025924,0.54422,0.025954,0
-0.15725,0.45435,0.2576,0
-0.31856,0.32366,-0.30214,0
0.51309,0.13313,0.1286,0
-0.081143,0.063811,-0.5356,0
0.27401,0.38479,-0.27273,0
-0.079617,0.3805,-0.38262,0
-0.18348,0.21175,0.46799,0
-0.2203,0.080181,0.49251,0
0.19011,-0.20582,-0.46799,0
0.18763,0.49111,-0.14535,0
-0.32531,0.42746,-0.094717,0
-0.073943,0.04427,0.5386,0
-0.40523,0.36255,-0.043227,0
0.44342,-0.02818,0.31639,0
0.014965,-0.084873,-0.5386,0
0.41223,-1.0097e-16,0.3572,0
-0.22867,0.051648,-0.49251,0
0.12849,-0.28135,0.44928,0
-0.22216,-0.11453,-0.48482,0
-6.4093e-17,-1.8819e-17,-0.54545,0
0.28365,-0.18229,0.42876,0
0.46007,-0.219,-0.19467,0
-0.32403,-0.25482,-0.3572,0
0.28581,-0.46063,0.060457,0
0.1761,0.12966,-0.4997,0
0.040126,0.1654,0.51822,0
0,0,0.54545,0
-0.47115,0.2429,-0.1286,0
-0.4257,-0.25487,0.22659,0
0.32843,-0.40426,-0.16196,0
0.093753,0.5317,0.077626,0
0.34991,0.022237,0.41784,0
0.11759,-0.16513,0.50638,0
-0.29356,-0.028032,0.45887,0
0.060389,0.54148,-0.025954,0
-0.026677,0.063689,0.54107,0
0.19347,-0.5064,-0.060457,0
-0.44772,-0.19594,-0.24222,0
-0.14387,-0.52038,-0.077626,0
0.52424,-0.10104,0.11171,0
-0.065961,0.45877,-0.28758,0
-0.26166,0.39329,0.27273,0
-0.24102,-0.21564,-0.43924,0
0.045308,-0.025209,-0.54298,0
0.40899,-0.34318,-0.11171,0
0.23734,0.29215,0.39476,0
-0.036504,0.13204,-0.52797,0
0.41238,-0.13544,0.33033,0
0.43964,0.24461,-0.21073,0
-0.30119,-0.4527,0.043227,0
-0.051614,0.089398,0.5356,0
-0.54511,0.017304,-0.0086542,0
-0.10557,-0.50453,0.1784,0
-0.39782,-0.1448,0.34394,0
0.48479,-0.061869,0.24222,0
0.32839,0.15631,-0.40651,0
0.16712,0.032211,-0.51822,0
0.060193,-0.19358,-0.50638,0
0.2652,0,-0.47665,0
-0.0073537,0.46343,0.28758,0
-0.50279,-0.11356,-0.1784,0
0.10278,0.066051,0.54092,0
-0.41205,0.24669,-0.27727,0
0.061086,0.54773,0.061465,0
-0.25319,-0.13053,-0.47579,0
0.018543,-0.029886,-0.55343,0
-0.14253,0.098122,0.52686,0
-0.44967,-0.042939,0.32167,0
-0.12926,0.37348,-0.389,0
0.43774,0.055863,0.33584,0
-0.34202,-0.10042,-0.42481,0
0.53346,0.13841,-0.061465,0
0.4158,-0.3489,-0.11357,0
0.046195,0.074452,0.54758,0
-0.21197,-0.31861,-0.40134,0
-0.53148,0.15606,0.026386,0
-0.20593,0.23765,-0.45677,0
-0.18728,-0.029967,0.5211,0
-0.47573,-0.28482,-0.0087984,0
0,0,0.55455,0
0.28428,0.018067,0.47579,0
-0.0022097,-0.13926,0.53677,0
7.5273e-18,-6.7494e-17,-0.55455,0
-0.0086647,0.54605,-0.096296,0
-0.17825,-0.1811,0.4929,0
0.07545,0.24265,-0.4929,0
-0.077721,-0.54056,0.096296,0
0.080173,-0.45468,0.30717,0
0.35598,0.19806,0.37626,0
-0.36207,-0.15846,0.389,0
-0.24718,-0.19439,0.45677,0
-0.10476,-0.50065,-0.21425,0
-0.29084,-0.38216,0.27727,0
0.25965,0.28111,0.40134,0
0.079113,0.037658,-0.54758,0
0.12941,0.53343,0.07892,0
-0.44062,0.099519,-0.32167,0
-0.028524,0.13632,-0.53677,0
-0.078117,0.1353,0.53208,0
-0.28173,-0.10254,0.46651,0
0.024649,-0.51744,-0.19791,0
0.25798,-0.24598,0.42481,0
0.0033403,0.070122,-0.55008,0
-0.46147,0.014649,-0.30717,0
-0.19632,-0.13515,0.50071,0
0.063565,-0.26202,-0.48459,0
0.49914,-0.23759,0.043948,0
-0.1324,-0.4789,-0.24626,0
-0.20821,-0.49707,0.13074,0
-0.064312,0.028146,0.55008,0
0.37622,-0.40731,0.0087984,0
-0.47401,0.17253,-0.23037,0
-0.037343,0.46973,0.29237,0
-0.23965,0.12355,0.48459,0
0.17904,0.13182,0.50802,0
0.052289,-0.0066731,0.55203,0
-0.30192,0.30675,0.34967,0
-0.09853,0.35638,0.41328,0
0.091953,0.52149,0.16466,0
0.22548,-0.49374,0.11357,0
-0.26202,-0.45384,-0.18137,0
0.29669,-0.41665,0.21425,0
0.20841,0.38897,-0.33584,0
0.51201,-0.16816,-0.13074,0
0.049564,-0.092507,-0.54452,0
0.26426,0.32528,0.36315,0
0.48881,-1.1972e-16,0.2619,0
0.3366,0.064875,-0.4359,0
0.017277,-0.0033298,-0.55427,0
0.27604,-0.20325,0.4359,0
0.43746,-0.17513,-0.29237,0
-0.11416,0.1716,0.51482,0
0.48307,-0.26877,-0.043948,0
0.043602,0.11413,-0.54092,0
-0.39055,-0.34942,0.18137,0
-0.4072,0.32022,0.19791,0
0.38683,0.36884,0.14777,0
-0.50215,0.047949,0.23037,0
0.16749,-0.043458,-0.52686,0
-0.12482,0.16401,-0.51482,0
0.30716,0.43135,-0.16466,0
-0.24375,-0.49181,-0.07892,0
0.52626,0.17284,-0.026386,0
-0.046792,0.32545,0.44656,0
0.15623,0,-0.53208,0
0.092361,0.20224,-0.50802,0
-0.03473,0.0055571,0.55343,0
0.30822,-0.37939,-0.2619,0
0.27833,0.11143,-0.46651,0
-0.41889,-0.013297,-0.36315,0
-0.073276,0.17494,-0.5211,0
0.018813,-0.049242,-0.55203,0
0.42954,-0.027298,-0.34967,0
-0.10237,-0.023121,0.54452,0
-0.21531,-0.24849,-0.44656,0
-0.039377,-0.49531,0.24626,0
0.40945,0.34357,-0.14777,0
0.014802,-0.0095123,0.55427,0
-0.27556,0.24654,-0.41328,0
-0.077954,-0.22523,-0.50071,0
0.12095,-0.38899,-0.37626,0
-0.44649,0.042635,-0.34134,0
-0.31919,0.13969,-0.44305,0
-0.23947,-0.41477,0.29716,0
0.043144,-0.031766,-0.56108,0
-0.42307,-0.3327,0.16736,0
4.9956e-17,-4.7633e-17,-0.56364,0
-0.46337,-0.074145,-0.31221,0
0.44859,-0.21353,-0.26619,0
0.08041,0.038276,-0.55656,0
-0.039,0.27125,-0.49253,0
-0.06286,-0.12683,-0.54557,0
-0.30969,-0.15965,0.44305,0
0.51217,-0.20504,0.11544,0
-0.14671,-0.19277,-0.50892,0
0.28818,0.4047,0.26619,0
0.16733,-0.53815,0.0089426,0
0.10824,0.44618,-0.32694,0
-0.14114,0.072764,0.54081,0
0.20979,0.45938,-0.25029,0
-0.30574,0.24044,0.40792,0
-0.11542,0.55162,-0.0089426,0
0.25418,0.47441,-0.16736,0
0.54495,-0.1414,-0.026819,0
-0.11126,-0.53174,-0.15019,0
0.14214,0.15388,0.52326,0
-0.47334,0.28339,-0.11544,0
0.2147,-0.070513,0.51635,0
0.059037,0.52935,-0.18435,0
-0.041211,-0.098387,0.55345,0
0.015908,0.051161,0.56108,0
-0.18386,0.37098,0.38243,0
0.026411,0.55444,0.097874,0
-0.15852,0.16105,-0.51635,0
-0.026642,-0.023836,-0.5625,0
0.37392,-0.31376,0.28182,0
-0.52425,-0.19081,-0.080214,0
-0.33372,-0.1998,-0.40792,0
0.044316,-0.116,0.54979,0
-0.52905,0.19256,0.026819,0
0.31897,-0.020271,0.46425,0
-0.26632,0.46128,0.18435,0
-0.11033,0.39907,-0.38243,0
-0.42575,0.013515,-0.3691,0
0.31962,-7.8283e-17,-0.46425,0
0.03704,-0.33213,-0.45388,0
-0.028712,0.36116,0.43177,0
0.34787,-0.37663,0.23414,0
0.086201,0.022366,0.55656,0
0.10851,-0.060373,-0.54979,0
-0.51473,-0.22527,-0.044668,0
0.094704,-0.39038,0.39538,0
-0.13718,-0.15832,-0.52326,0
-0.34044,0.39289,-0.21776,0
-0.55763,-0.053247,0.062472,0
0.45245,0.33313,0.044668,0
0.34889,0.13968,-0.42006,0
-0.55988,-0.017773,-0.062472,0
-0.34973,0.31289,0.31221,0
-0.49193,0.14444,-0.23414,0
-0.24781,-0.072764,-0.50098,0
0.20954,0.1998,-0.48359,0
0.31773,-0.44618,0.13288,0
-0.11186,0.26705,0.48359,0
0.054659,0.045864,-0.5591,0
0,0,0.56364,0
0.4793,0.092378,-0.28182,0
0.091429,0.51852,0.20115,0
0.47865,0.26631,-0.13288,0
0.17552,0.011155,-0.53549,0
0.41562,0.1365,0.3554,0
0.089259,0.10987,0.54557,0
-0.05156,-0.35861,-0.43177,0
0.0074289,-0.016267,0.56335,0
0.025465,0.066653,0.5591,0
-0.005849,-0.016899,-0.56335,0
-0.30955,-0.21311,0.42006,0
0.15752,-0.020102,-0.54081,0
0.13617,0.21946,0.50098,0
-0.2706,0.043298,0.49253,0
0.42597,0,0.3691,0
-0.041727,-0.52486,-0.20115,0
-0.29724,0.067134,0.47416,0
-0.0053022,0.33414,0.45388,0
-0.36033,0.24807,-0.3554,0
0.25635,-0.16475,-0.47416,0
0.035102,-0.0067654,0.5625,0
0.0091726,-0.19256,-0.52964,0
-0.18247,0.52722,0.080214,0
-0.28797,-0.43283,0.21776,0
-0.059086,0.088809,-0.55345,0
0.55061,0.070268,-0.097874,0
-0.10704,-0.38718,-0.39538,0
-0.27805,0.36535,0.32694,0
0.25656,-0.47886,0.15019,0
0.033475,-0.18985,0.52964,0
0.092725,-0.14944,0.53549,0
0.30199,-0.37172,-0.29716,0
-0.0071162,-0.44846,0.34134,0
0.42485,0.27303,0.25029,0
-0.16993,-0.17265,0.50892,0
0.058384,0.042988,-0.56812,0
0.10948,-0.11853,-0.54953,0
0.19094,0.49978,0.2044,0
0.069321,0.058167,-0.56553,0
-0.15739,-0.035548,0.54953,0
-0.052392,-0.36439,0.43873,0
0.081012,-0.45944,-0.33221,0
0.19549,0.012424,-0.53819,0
0.3001,-0.48366,0.06348,0
0.39082,-0.18603,-0.37506,0
-0.44698,0.26761,-0.23792,0
0.55383,-0.10674,-0.099453,0
-0.14422,-0.52166,0.18732,0
-0.072509,-0.34653,-0.45019,0
0.21945,0.48052,0.22127,0
-0.33123,0.074812,0.4612,0
0.42936,-0.054794,0.37506,0
0.26773,-0.49969,-0.081508,0
0.55263,0.14339,-0.045389,0
-0.032287,-0.016645,-0.57157,0
-0.22237,-0.25663,-0.4612,0
-0.54662,-0.017352,0.17005,0
0.3878,0.12737,-0.40175,0
0.038225,0.061608,0.56812,0
-0.47168,0.32473,0.0090869,0
0.059753,-0.13084,0.55437,0
-0.50671,-0.08108,-0.25433,0
0.39581,-0.3774,-0.17005,0
0.36964,-0.095908,-0.42683,0
0.48869,0.23262,-0.18732,0
0.42943,-0.36034,-0.1173,0
-0.34793,0.35349,0.28636,0
0.34764,0.067002,0.45019,0
-0.016131,0.032547,0.57157,0
0.40282,0.38409,-0.13503,0
0.44452,0,0.36113,0
-0.10758,-0.25684,-0.50048,0
0.42072,-1.0305e-16,-0.3886,0
6.5115e-17,2.6068e-17,-0.57273,0
-0.054195,-0.093868,0.56238,0
-0.28228,0.082885,-0.49139,0
-0.54952,-0.052473,-0.15262,0
0.042132,-0.17367,-0.54413,0
-0.080945,0.38685,-0.4145,0
-0.0087583,0.55195,0.15262,0
-0.28254,-0.37125,0.33221,0
-0.46248,-0.2024,0.27048,0
0.12352,-0.15203,0.53819,0
-0.39043,-0.39667,0.13503,0
-0.016647,0.0072855,0.57244,0
0.41668,-0.23184,-0.31725,0
-0.104,-0.030537,-0.56238,0
0.42311,-0.16939,0.34685,0
0,0,0.57273,0
-0.52071,0.016529,0.23792,0
0.29283,0.41122,-0.27048,0
0.19317,0.12414,0.52468,0
-0.30575,0.048924,-0.48181,0
-0.25353,-0.51155,0.045389,0
0.15223,-0.21378,-0.50906,0
0.39826,0.22159,-0.34685,0
-0.016869,-0.21219,0.5317,0
0.48754,-0.16012,0.25433,0
0.037465,0.12049,0.55866,0
0.042327,-0.37952,0.42683,0
-0.047045,-0.13593,-0.55437,0
-0.28201,0.48846,0.099453,0
0.12613,0.51993,-0.2044,0
0.030864,0.27674,0.50048,0
-0.32085,-0.25232,0.40175,0
0.1558,0.16868,-0.52468,0
0.24417,0.031161,-0.51713,0
0.45836,-0.33748,-0.06348,0
0.020019,-0.42024,0.3886,0
-0.20275,-0.13958,0.51713,0
-0.19668,0.25844,0.47174,0
0.079562,0.097932,-0.55866,0
-0.43256,0.223,-0.30196,0
0.40941,-0.26311,0.30196,0
-0.013543,0.012116,-0.57244,0
0.17701,-0.46333,-0.28636,0
-0.12706,0.45959,0.31725,0
0.13199,-0.42447,-0.36113,0
-0.00086376,-0.054434,0.57013,0
-0.27645,-0.10062,0.49139,0
0.15338,0.28627,-0.47174,0
-0.49083,-0.29386,-0.027251,0
-0.029597,0.085515,0.56553,0
0.031033,0.176,0.54413,0
-0.52587,0.050214,-0.22127,0
-0.37501,0.43278,-0.0090869,0
-0.082238,0.19633,-0.5317,0
-0.21892,0.32905,0.4145,0
0.027221,0.57143,0.027251,0
-0.029175,0.36698,-0.43873,0
-0.53271,0.19389,0.081508,0
-0.037349,0.25977,0.50906,0
-0.042794,0.033653,-0.57013,0
-0.31052,-0.46673,0.1173,0
0.30902,-0.019639,0.48181,0
0.10666,-0.27919,0.49919,0
-0.55481,0.16291,-0.064488,0
-6.6955e-17,2.437e-17,-0.58182,0
0.39075,-0.42305,0.082801,0
-0.010158,0.12778,0.56752,0
-0.25884,0.34011,-0.39477,0
0.08325,0.21791,0.53301,0
0.45496,-0.21656,0.29091,0
-0.42417,0.25395,0.30675,0
-0.16607,-0.33509,-0.4457,0
-0.45728,0.35961,0.0092311,0
0.076355,-0.43303,-0.38101,0
0.47012,-0.059997,-0.33749,0
-0.34154,-0.23514,0.40813,0
-0.23443,0.20974,0.48946,0
-0.17131,-0.2251,-0.50842,0
0.48455,0.23065,-0.22478,0
-0.055277,0.0017547,-0.57918,0
0.11921,-0.38339,0.42108,0
-0.3434,-0.032791,-0.46852,0
0.56834,-0.036119,-0.11916,0
0.50682,-0.28199,-0.046109,0
0.57882,0.036785,0.046109,0
0.051317,-0.46014,0.35235,0
0.1674,0.10758,0.54673,0
-0.36568,0.37153,0.25837,0
-0.11663,-0.20202,-0.53301,0
0.44971,-0.18003,0.32228,0
0.097759,0.40297,-0.40813,0
-0.0034309,0.21621,0.54014,0
-0.0091742,-0.57816,0.064488,0
0.12769,0.071044,-0.56317,0
-0.2259,-0.26071,0.46852,0
0.27474,0.51278,-0.0092311,0
-0.067571,-0.32293,-0.47923,0
0.46537,-0.089693,0.33749,0
-0.13174,0.47651,-0.30675,0
0.074159,-0.30569,-0.48946,0
-0.55374,0.088604,0.15504,0
-0.37027,0.42731,-0.13717,0
0.2284,0.50013,-0.19029,0
0.019104,0.40105,-0.42108,0
0.17827,0.034358,-0.55277,0
0.31935,-0.08286,0.47923,0
-0.25642,0.44414,-0.27478,0
-0.34505,-0.30871,-0.35235,0
0.23758,0.078028,0.52534,0
-0.19093,-0.056063,-0.54673,0
-0.44001,-0.26344,0.27478,0
0.19156,-0.16074,-0.52534,0
0.10222,0.040924,-0.5713,0
0.55558,0,-0.17275,0
0.17755,-0.38878,0.39477,0
0.39335,0.37506,0.20764,0
-0.40282,-0.17629,0.38101,0
0.010708,0.015037,0.58153,0
-0.24135,0.48698,-0.20764,0
0.30209,-0.48687,-0.10103,0
0.12591,-0.235,0.51714,0
0.053324,-0.074882,0.57451,0
0.4206,-0.40105,0.027684,0
0.11011,-2.6969e-17,0.5713,0
0.059311,-0.04367,0.57714,0
-0.1477,-0.42674,-0.36687,0
-0.067475,0.02953,-0.57714,0
-0.037182,0.1777,0.55277,0
-0.17446,0.41651,0.36687,0
-0.30456,-0.45776,0.19029,0
0.53233,0.067935,0.22478,0
-0.43056,-0.22197,-0.32228,0
0.26875,-0.088267,0.50842,0
0.54281,0.14084,-0.15504,0
0.26565,0.42815,-0.29091,0
0.11519,0.37044,-0.43361,0
-0.0072853,-0.091639,-0.57451,0
-0.16383,-0.0052008,-0.55825,0
-0.075319,-0.52385,-0.2417,0
-0.036734,0.0035077,0.58065,0
0.090524,0.51339,-0.25837,0
0,0,0.58182,0
0.029715,0.021879,-0.58065,0
-0.5589,0.12623,0.10103,0
-0.32192,0.48386,-0.027684,0
-0.0071319,-0.017027,-0.58153,0
0.18089,0.19585,-0.51714,0
0.47908,-0.30789,0.11916,0
-0.13501,0.092951,0.55825,0
-0.16998,-0.13367,-0.54014,0
-0.33797,-0.12301,-0.45734,0
0.026904,-0.56478,0.13717,0
-0.053224,0.37018,0.4457,0
-0.14253,-0.032192,0.56317,0
-0.095839,-0.34665,0.45734,0
-0.049157,0.025342,0.57918,0
-0.12688,0.3666,0.43361,0
0.098192,0.082393,-0.56752,0
0.18845,0.23196,-0.49919,0
0.061579,0.55216,0.17275,0
-0.52259,-0.083621,0.2417,0
-0.40398,-0.41044,-0.082801,0
0.19889,-0.37121,-0.41451,0
0.42029,0.02671,0.41451,0
0.17232,0.18656,-0.53355,0
-0.049133,-0.17772,-0.56141,0
-0.098582,0.47114,-0.34276,0
0.25385,0.47379,-0.24547,0
0.13778,0.055157,-0.57197,0
0.30923,0.080234,-0.4971,0
0.28159,-0.34661,-0.38696,0
-0.30034,0.34661,0.3726,0
-0.11305,-0.5403,-0.21089,0
-0.0049959,0.01807,-0.59061,0
-0.57755,-0.092414,-0.084095,0
-0.28024,-0.063295,0.51637,0
-0.034401,0.43271,-0.40094,0
-0.30338,-0.0096306,-0.50699,0
-0.56633,-0.16629,-0.028117,0
-0.32064,0.42132,-0.2624,0
0.30109,0.038425,0.50699,0
0.36454,-0.023167,-0.46449,0
0.11278,-0.3627,0.45266,0
0.0645,0.57835,0.10261,0
-0.49624,0.2971,-0.12102,0
0.58905,-1.4428e-16,0.04683,0
-0.48177,0.14146,0.31154,0
0.097983,0.55569,0.17545,0
-0.38458,-0.44383,0.065495,0
0.57432,0.11069,0.084095,0
-0.30576,-0.45958,0.21089,0
0.094078,0.06046,-0.58023,0
0.085667,0.071883,0.58023,0
-0.22346,-0.53347,0.12102,0
0.44719,-0.24881,-0.29545,0
-0.09132,-0.092781,-0.57639,0
0.0079214,0.16629,0.56697,0
0.23653,0.33216,0.42766,0
0.30028,0.48396,-0.15746,0
-0.52473,0.19099,-0.19327,0
-0.077566,0.53948,0.22829,0
0.16665,-0.23403,-0.51637,0
0.22508,-0.073925,-0.54134,0
0.35341,-0.38262,0.27907,0
-0.42783,-0.22056,0.34276,0
0.19183,-0.50211,0.24547,0
0.14721,-0.018787,0.57197,0
-0.56014,0.12651,-0.13931,0
0.43877,0.24412,-0.31154,0
-0.54072,-0.23665,0.028117,0
-0.33282,-0.29777,0.38696,0
-0.25057,-0.50557,-0.17545,0
0.24449,0.11638,0.52522,0
-0.070293,-0.025585,0.58616,0
0.51248,-0.13297,0.2624,0
-0.276,-0.19001,-0.48672,0
0.093364,0,0.58349,0
0.18589,0.48656,-0.27907,0
0.029614,-0.047729,-0.58823,0
0.023632,0.029088,0.58972,0
0.39617,0.29169,0.32732,0
-0.13337,-0.38535,-0.42766,0
0.37687,-0.31623,-0.32732,0
-0.19963,0.15699,0.53355,0
-0.10213,0.15351,0.56141,0
0.073453,-0.014157,-0.58616,0
-0.46443,-0.36523,-0.0093753,0
-0.34595,0.055357,0.47584,0
0.024342,-0.21827,-0.54858,0
0.48619,0.15968,0.29545,0
0.05408,0.11842,0.57639,0
0.1285,-0.52966,-0.22829,0
-0.39222,-0.037452,0.44038,0
-0.10449,0.3019,0.4971,0
-0.00029746,0.018746,0.59061,0
-0.32453,0.22342,-0.44038,0
0.03018,-0.022221,-0.58972,0
-0.28307,0.25326,-0.45266,0
0.5042,-0.24,0.19327,0
0.070344,0.22623,0.54134,0
0.028909,-0.16395,-0.56697,0
-0.14177,0.14404,0.55527,0
0.2447,-0.53582,-0.04683,0
0,0,0.59091,0
0.10234,0.42184,0.40094,0
-0.52515,0.27074,0.0093753,0
-0.1734,-0.10382,-0.55527,0
-0.22483,0.53675,-0.10261,0
-0.0072766,-0.45857,-0.3726,0
0.19597,-0.18685,-0.52522,0
-7.2038e-17,6.8788e-18,-0.59091,0
0.43654,-0.17476,-0.35786,0
-0.028948,-0.36413,0.46449,0
-0.04146,0.083654,-0.58349,0
-0.28713,0.49732,0.13931,0
0.022374,-0.46969,0.35786,0
0.24251,0.23123,0.48672,0
-0.081054,-0.56375,0.15746,0
0.29474,-0.18942,-0.47584,0
-0.21951,0.006968,0.54858,0
-0.35566,-0.46733,-0.065495,0
-0.051457,0.02252,0.58823,0
-0.18846,0.28327,-0.49421,0
0.41182,0.34556,0.26644,0
-0.018569,0.004194,0.5997,0
0.059777,0.073579,-0.59246,0
0.035963,-0.044266,0.59728,0
-0.50697,0.30352,-0.10419,0
0.14342,-0.12034,0.57004,0
0.085852,0.22472,-0.54967,0
0.026167,0.1484,0.58077,0
0.4289,0.27564,-0.31634,0
-0.28647,-0.49618,-0.17815,0
-0.30681,-0.029297,0.51479,0
-0.11942,-0.57073,-0.14146,0
-0.52787,-0.27214,0.085389,0
-0.25981,0.45,0.3,0
-0.26614,0.53699,-0.028549,0
0.31312,0.50465,-0.085389,0
-0.31767,0.2187,-0.45963,0
-0.33794,-0.30235,0.39292,0
0.20303,0.44458,-0.34803,0
0.4831,-0.3557,-0.0095196,0
0.039853,-0.16427,0.5757,0
0.025165,0.52827,0.28336,0
-0.36606,0.28787,-0.37833,0
0.18544,-0.4854,-0.3,0
0.14144,0.58301,0.0095196,0
-0.2904,0.02773,0.52431,0
-0.17028,0.40653,-0.40711,0
0.2558,0.032645,-0.54176,0
-0.39168,-0.45202,-0.04755,0
-0.089923,-0.25981,-0.5333,0
0.062124,-0.55704,-0.21413,0
-0.0035381,0.22297,0.55702,0
-0.0095088,-0.59924,0.028549,0
-0.080053,-0.10519,-0.58526,0
0.35973,-0.23119,-0.42088,0
0.1532,0.28593,0.50475,0
-0.18846,-0.28327,0.49421,0
-0.27148,-0.04344,0.5333,0
-0.16338,0.47207,0.33235,0
-0.15267,0.55223,0.17815,0
-0.13923,-0.095856,-0.5757,0
-0.40567,-0.41215,-0.15988,0
0,0,0.6,0
-0.45316,0.23362,0.31634,0
0.49547,-0.27567,0.19624,0
0.022553,0.07253,0.59517,0
0.095668,0.091219,0.58526,0
-0.075917,-0.0024099,-0.59517,0
0.038723,-0.21961,-0.55702,0
-0.11745,-0.42482,0.40711,0
0.028583,0.25629,0.54176,0
-0.15797,-0.31875,0.48316,0
0.47292,0.3482,-0.12288,0
-0.38459,0.44384,0.12288,0
0.017673,0.0070752,-0.5997,0
-0.032813,-0.41275,0.43424,0
0.20303,-0.44458,0.34803,0
0.094038,-0.012001,0.59246,0
0.27312,-0.50975,0.15988,0
-0.29157,0.0092556,-0.52431,0
-0.067949,0.4726,0.36337,0
-0.531,0.15591,-0.23181,0
-0.014837,0.18663,-0.57004,0
-0.46447,-0.36526,0.10419,0
0.40657,0.078359,-0.43424,0
-0.082982,-0.57715,0.14146,0
-0.54646,0.08744,0.23181,0
0.10788,0.035432,0.58916,0
6.981e-17,-2.2928e-17,-0.6,0
0.33703,-0.32136,0.37833,0
-0.4286,-0.2566,-0.33235,0
0.52266,0.2908,0.04755,0
-0.22605,-0.082276,0.54967,0
-0.4925,0.21554,-0.26644,0
-0.38285,0.38897,-0.24925,0
0.20521,0,-0.56382,0
-0.23357,0.3069,0.45963,0
0.30264,-0.058328,-0.51479,0
0.051497,-0.024513,-0.59728,0
-0.39415,0.35264,-0.28336,0
-0.037119,-0.0083838,-0.59879,0
0.13464,-0.433,-0.39292,0
0.56586,0.035961,-0.19624,0
0.20521,-5.0262e-17,0.56382,0
-0.13744,-0.32812,-0.48316,0
0.037978,-0.0024136,0.59879,0
0.53842,0.25629,0.066503,0
0.35901,0.09315,0.47163,0
0.028373,-0.59563,-0.066503,0
0.21092,-0.33994,0.44716,0
0.2201,0.23829,-0.50475,0
0.39699,-0.15893,0.42088,0
-0.53778,-0.15791,0.21413,0
0.27695,-0.38893,-0.36337,0
0.23206,0.32588,-0.44716,0
0.52829,-0.13707,0.24925,0
-0.13805,-0.060416,-0.58077,0
-0.1067,0.038837,-0.58916,0
0.25166,-0.27246,-0.47163,0
-0.12805,0.36998,-0.46659,0
-0.49246,-0.25388,0.25303,0
0.04545,0.084829,0.60144,0
-0.47907,0.32981,-0.18085,0
-0.57432,0.091897,0.18085,0
0.1821,0.29349,-0.50169,0
-0.037066,-0.010884,-0.60786,0
-0.0091352,0.11491,0.59808,0
0.41197,0.44603,-0.04827,0
-0.44423,0.16169,-0.38406,0
0.38847,-0.32596,0.33739,0
0.39099,0.21754,0.41327,0
-0.42404,-0.37938,-0.21738,0
0,0,0.60909,0
-0.208,0.1861,-0.54138,0
-0.032071,0.048204,-0.60633,0
0.20665,-0.026372,-0.57236,0
0.5618,-1.376e-16,-0.23532,0
-0.42569,0.25486,-0.35331,0
-0.2863,0.37619,0.38406,0
-0.084239,0.5859,0.1436,0
0.36971,0.071256,-0.47878,0
0.58949,-0.15295,0.0096638,0
-0.26165,0.0083059,0.54996,0
-0.50369,-0.30156,-0.16231,0
0.06271,-0.35565,-0.49048,0
-0.10832,-0.039425,-0.59808,0
0.21913,0.47982,-0.30455,0
0.35823,0.045717,0.49048,0
0.45227,-0.25164,0.32113,0
0.60595,0.038509,0.04827,0
-0.092509,0.18665,0.57236,0
-0.13151,-0.26534,-0.53225,0
2.2148e-17,-7.1228e-17,-0.60909,0
-0.010973,-0.076321,-0.60419,0
0.18967,-0.012054,-0.57868,0
0.15021,-0.02895,0.58957,0
-0.015428,0.055804,0.60633,0
0.09621,0.54563,-0.25303,0
0.53689,0,0.28766,0
-0.11441,0.27314,0.53225,0
0.53436,0.21393,-0.19921,0
-0.27287,0.47263,0.27048,0
-0.14921,0.033701,-0.58957,0
0.14348,-0.31418,0.50169,0
0.28213,0.34727,-0.41327,0
0.42018,0.10902,0.42726,0
0.50154,-0.32232,0.12475,0
0.057365,-0.51437,-0.32113,0
-0.16738,-0.037805,0.58442,0
-0.29269,0.15089,0.5124,0
0.082871,0.26651,0.54138,0
-0.21982,-0.5248,0.21738,0
0.50726,-0.24146,0.23532,0
0.028803,0.60465,-0.067511,0
-0.28663,-0.12544,0.52259,0
0.036702,-0.012054,0.60786,0
-0.27877,-0.36631,0.39887,0
-0.39842,-0.4598,-0.028982,0
-0.18646,-0.12837,0.56546,0
-0.17143,0.19784,-0.54996,0
-0.38282,0.38895,-0.27048,0
0.05337,-0.22,-0.56546,0
0.12419,0.11842,-0.58442,0
-0.29596,-0.51262,-0.1436,0
0.23557,0.33082,-0.45393,0
0.01162,-0.24393,0.55799,0
-0.32781,0.031302,-0.5124,0
-0.013556,-0.013773,-0.60878,0
0.30347,-0.48909,0.19921,0
-0.58869,-0.094197,-0.12475,0
-0.1246,0.5955,0.028982,0
0.24381,-0.34238,-0.44082,0
-0.0015315,-0.019264,0.60878,0
0.47275,0.34808,0.16231,0
-0.44403,0.19433,-0.36887,0
-0.52722,-0.016736,0.30455,0
0.32704,-0.24079,0.45393,0
0.29046,-0.11628,-0.52259,0
0.17674,-0.16852,-0.55799,0
-0.015792,-0.075472,0.60419,0
0.4595,0.38557,-0.10577,0
-0.15853,-0.45803,0.36887,0
0.14358,0.59185,-0.0096638,0
0.010667,0.095644,-0.60144,0
-0.0059738,0.37647,0.47878,0
0.38725,0.24887,-0.39887,0
-0.18236,0.053545,0.57868,0
0.21407,0.56034,0.10577,0
-0.39862,0.31348,-0.33739,0
-0.0062118,-0.39147,0.46659,0
0.33664,-0.36447,0.35331,0
0.12116,0.057674,0.59413,0
0.38015,-0.46793,-0.086683,0
0.15001,-0.39264,0.44082,0
0.25356,-0.47324,-0.28766,0
-0.43213,-0.041263,-0.42726,0
-0.33531,-0.50399,0.067511,0
0.12749,0.041872,-0.59413,0
-0.16065,-0.58109,0.086683,0
-0.02922,0.026142,0.61694,0
-0.32941,0.11989,-0.50918,0
0.063198,0.56667,0.23883,0
-0.59928,0.13535,0.068518,0
0.46625,-0.029631,-0.40482,0
-0.43858,-0.041879,-0.43364,0
0.42316,0.054004,0.4474,0
0.54802,-0.21939,-0.18355,0
0.085352,-0.047489,-0.61042,0
0.25577,-0.12175,0.54946,0
-0.50742,-0.22207,-0.27451,0
-0.25024,-0.2888,0.48592,0
0.14413,0.057702,0.59837,0
-0.23616,0.12175,0.55817,0
-0.61531,0.058755,-0.0098081,0
-0.18924,0.13028,-0.5739,0
0.27272,-0.50902,0.22062,0
-0.49546,0.29663,-0.22062,0
0.28758,0.27421,0.47355,0
-0.098303,0.28403,0.5402,0
-0.60114,-0.09619,0.10735,0
-0.0077406,0.097366,0.61042,0
-0.52221,-0.11795,0.30909,0
-0.063089,-0.18228,0.58732,0
0.01744,-0.36611,0.4978,0
0.035402,0.016851,-0.61694,0
0.057274,0.18419,-0.58732,0
0.013854,0.057106,0.61538,0
-0.12583,-0.60135,-0.068518,0
0.10346,0.58678,-0.16473,0
0.019614,-4.804e-18,-0.61787,0
-0.42142,0.42816,-0.14574,0
0.10433,0.087543,-0.60299,0
-0.018819,-0.0055258,0.61787,0
0.2599,0.31992,-0.46071,0
-0.23625,-0.18579,-0.5402,0
0.36836,-0.45341,-0.20219,0
-0.04641,0.16786,-0.59314,0
0.19932,0.43644,-0.3898,0
-0.0018562,-0.11698,-0.60701,0
-0.2203,-0.11357,0.56632,0
-0.46226,-0.16825,-0.37438,0
0.35098,0.49288,-0.12661,0
0.17721,-0.38804,-0.4474,0
-0.31169,-0.40956,-0.34242,0
-0.31356,0.050173,-0.53039,0
0.54171,-0.17792,-0.23883,0
0.076505,-0.43388,0.43364,0
0.14651,-0.094159,0.59314,0
0.59779,0.11521,-0.10735,0
-0.59247,0.17396,0.029414,0
0.10433,-0.087543,0.60299,0
-0.05655,0.39332,-0.47355,0
-0.56454,0.24707,0.048991,0
-0.3142,0.36261,0.3898,0
0.51769,0.17003,0.29195,0
0.13058,-0.53827,0.27451,0
-0.504,-0.34698,-0.087976,0
-0.29791,-0.516,0.16473,0
-0.045192,-0.31431,0.53039,0
-0.5033,0.015977,-0.35858,0
-0.27172,-0.54825,0.087976,0
-0.061514,0.048375,-0.61321,0
-0.19417,0.29185,0.50918,0
0.423,-0.31145,0.32592,0
0.5899,-0.11369,0.14574,0
-0.032666,-0.41089,0.46071,0
0.15282,-0.49147,0.34242,0
0.54429,0.14123,-0.2568,0
0.14346,-0.15532,0.5809,0
-0.043793,-0.039181,-0.61538,0
2.7018e-17,-7.072e-17,-0.61818,0
-0.19713,-0.11802,0.5739,0
-0.35323,-0.35888,0.35858,0
0.33378,0.36136,0.37438,0
-0.0053026,0.33417,-0.52005,0
-0.058496,0.10132,0.60701,0
-0.089059,-0.32213,0.52005,0
0.31901,-0.51415,0.12661,0
0.56119,0.035664,0.2568,0
-0.059982,0.1432,-0.59837,0
0.21067,0.55143,0.18355,0
-0.17155,0.22541,-0.54946,0
-0.21052,-0.50259,-0.29195,0
-0.23326,0.47065,-0.32592,0
0,0,0.61818,0
0.065834,0.042309,0.61321,0
-0.21132,-0.0067083,-0.5809,0
0.29191,0.54483,0.0098081,0
0.19229,-0.18335,-0.55817,0
0.19324,0.31145,-0.4978,0
0.02223,0.46666,0.40482,0
0.26341,-0.36991,-0.41944,0
0.53105,-0.067773,-0.30909,0
0.49724,0.36611,-0.029414,0
0.068303,-0.61244,-0.048991,0
-0.25154,-0.37808,0.41944,0
0.56546,-0.14672,0.20219,0
0.38213,0,-0.48592,0
0.21658,0.1205,-0.56632,0
0.11877,-0.22168,-0.57465,0
-0.29484,-0.38742,-0.39553,0
0.019862,0.0012623,0.62696,0
-0.49289,0.078868,-0.37988,0
-0.49152,-0.38653,-0.049711,0
-0.13742,0.32808,0.51667,0
-0.27939,-0.12227,0.54814,0
0.055355,0.022161,-0.62443,0
0.59588,-0.19571,-0.0099523,0
-0.4606,0.36222,-0.22386,0
-0.047092,-0.17033,-0.60186,0
-0.1326,-0.038934,-0.61186,0
0.19612,0.12604,-0.58234,0
-0.48825,0.33614,-0.20516,0
-0.34637,-0.52061,0.049711,0
-0.038368,0.26685,-0.56638,0
-0.59889,0.13527,0.12847,0
-0.019892,-0.034454,0.62601,0
-0.25338,-0.51124,0.26058,0
0.10561,-0.33966,-0.51667,0
-0.59627,0.056937,0.18625,0
-0.22208,-0.2563,0.5277,0
0.053962,-0.48386,0.39553,0
0.29639,-0.41622,0.36385,0
-0.38785,-0.39406,-0.29624,0
0.61214,-0.11798,0.069526,0
-0.32688,0.37724,0.37988,0
-2.047e-17,7.4041e-17,-0.62727,0
-0.17081,-0.49353,0.34746,0
0.39508,0.4863,0.029847,0
-0.16516,0.33323,-0.50512,0
-0.017076,-0.010223,-0.62696,0
-0.27579,0.080979,0.55754,0
0.070015,-0.39708,-0.48052,0
0.44615,-0.028354,-0.44002,0
0.21912,0.57354,-0.12847,0
-0.0091795,-0.57849,-0.24234,0
0.020975,-0.033806,-0.62601,0
0.095059,-0.39184,0.48052,0
-0.55187,-0.28451,-0.08927,0
-0.59247,0.018807,0.20516,0
0.097319,0.018757,-0.61939,0
-0.069456,0.33194,-0.5277,0
0.43351,-0.41335,-0.18625,0
-0.41886,0.37475,0.27855,0
-0.27906,0.36668,0.42561,0
0.54256,0.30187,0.08927,0
-0.42761,0.43445,-0.14789,0
0.15826,0.50897,-0.33071,0
0.35299,0.29619,-0.42561,0
0.61839,-0.078919,-0.069526,0
0.063945,0.047082,-0.62223,0
0.0056486,0.11858,-0.61594,0
-0.11155,0.040602,0.61594,0
0.29913,-0.11976,-0.53819,0
-0.25548,0.44251,-0.36385,0
-0.38756,-0.012303,0.49307,0
-0.62435,-0.059619,0.0099523,0
-0.0075214,0.474,0.41078,0
-0.40797,-0.092144,0.46748,0
0.5271,-0.33875,-0.029847,0
-0.085035,0.050911,0.61939,0
-0.044541,-0.56026,-0.27855,0
-0.30091,0.45228,0.31364,0
-0.42009,-0.1529,0.44002,0
0.20443,0.32948,-0.49307,0
-0.37175,0.19165,-0.46748,0
0.3507,0.49249,-0.16715,0
0.1328,0.14378,-0.59595,0
0.17106,0.044384,0.60186,0
-0.082339,-0.57268,0.24234,0
0.056223,-0.14716,0.60717,0
0.17673,0.084124,0.59595,0
0.22019,-0.18476,-0.55754,0
0.0028371,-0.059559,0.62443,0
0.29949,-0.22051,0.50512,0
0.19693,-0.43122,-0.41078,0
-0.2654,-0.18272,0.53819,0
0.57059,-1.3975e-16,-0.26058,0
-0.41207,-0.36866,0.29624,0
0.053879,-0.058332,0.62223,0
-0.51569,-0.082516,-0.34746,0
0.39085,-0.18604,0.45398,0
-0.088654,-0.42369,-0.45398,0
0.13815,0.56945,0.22386,0
-0.070169,0.20274,0.58944,0
-0.19654,0.086016,-0.58944,0
0.029882,0.26794,0.56638,0
0.22072,0.21046,-0.54814,0
0.25662,0.56192,0.10892,0
0.51593,-0.13386,0.33071,0
0.065265,0.12181,0.61186,0
-0.23866,-0.56978,-0.10892,0
0,0,0.62727,0
0.10585,0.60033,0.14789,0
-0.012485,0.15704,-0.60717,0
0.147,-0.18095,0.58234,0
0.54323,0,-0.31364,0
0.23894,0.078474,0.57465,0
0.52832,-0.29395,0.16715,0
-0.32672,0.010371,0.54599,0
-0.35139,0.52815,0.050432,0
-0.48178,-0.10881,0.40126,0
0.17164,0.44926,-0.41673,0
-0.62766,-0.10043,0.030279,0
0.087862,-0.048885,-0.62837,0
-0.18191,0.079611,-0.60459,0
0.44571,0.28644,0.35249,0
-0.40605,0.41255,-0.26436,0
0.14326,-0.59054,-0.18895,0
0.066211,0.12358,-0.62073,0
0.11826,0.022792,-0.62486,0
-0.15289,-0.44176,0.43178,0
0.17947,0.25203,0.55609,0
-0.51811,-0.016447,0.36913,0
0.038142,-0.046949,0.63348,0
-0.50052,0.34458,0.18895,0
-0.0034532,0.21762,0.59799,0
-0.49512,0.38937,-0.090564,0
0.075479,-0.14088,-0.61597,0
-0.16393,-0.39136,0.47426,0
-0.28119,-0.25158,0.51244,0
0.31677,-0.23323,-0.50022,0
-0.038114,0.47942,0.41673,0
-0.41549,-0.18184,0.44639,0
-0.048439,0.2315,0.59078,0
-0.0093126,-0.58688,0.24586,0
-0.20455,-0.20782,0.56562,0
-0.20452,-0.35424,0.48748,0
0.47012,-0.18821,0.38539,0
-0.16954,0.48986,-0.36913,0
0.15674,-0.34321,-0.51244,0
0.3364,0.28227,-0.46056,0
0.11305,0.13915,0.61059,0
0.63628,0,0.010097,0
0.1884,0.41255,-0.44639,0
-0.46412,-0.16893,-0.40126,0
-0.12025,0.15801,0.60459,0
-0.29348,0.50832,-0.24586,0
0.35872,-0.50375,0.15003,0
-0.43928,0.15988,-0.43178,0
-0.25484,-0.17545,-0.55609,0
0.12748,0.52549,0.33551,0
0.23686,0.094825,0.58298,0
-0.15488,0.17874,-0.59078,0
0.030184,-0.63364,-0.050432,0
0.11826,-0.022792,0.62486,0
-0.41646,-0.32751,-0.35249,0
0.22371,-0.36054,-0.47426,0
0.11567,0.11029,0.61597,0
0.44251,0.24621,-0.38539,0
0.062172,-0.55747,0.30054,0
-0.61505,0.098415,0.13033,0
0.249,-0.23742,-0.53534,0
0.52721,-0.33882,0.1105,0
-0.08238,0.57296,0.26436,0
0.62735,0.080062,-0.070533,0
0.53675,-0.25549,-0.22711,0
-0.52625,0.31507,0.16957,0
-0.32074,0.16535,-0.52416,0
0.029854,-0.096012,0.62837,0
0.061084,0.54771,0.31818,0
0.060004,-0.0076576,-0.63348,0
0.019463,0.40858,-0.48748,0
-0.13452,-0.039498,0.62073,0
-0.0089659,-0.018091,-0.63604,0
-0.26243,0.077056,0.57459,0
0.51238,0.37726,-0.010097,0
0.12165,0.1317,-0.61059,0
0.080559,-1.9731e-17,0.63124,0
0.15672,-0.41022,0.46056,0
0.34284,0.1126,0.52416,0
0.48448,-0.40653,0.070533,0
-0.53769,-0.32192,-0.1105,0
0.37373,-0.12275,0.50022,0
-0.057998,-0.20978,-0.59799,0
-0.62005,0.059208,-0.13033,0
0.29515,0.14049,-0.54599,0
7.7775e-17,-4.9428e-18,-0.63636,0
0.58209,-0.15103,0.20813,0
-0.0057439,-0.03995,-0.63508,0
-0.14133,-0.21242,-0.58298,0
0.33302,0.086406,0.53534,0
-0.24473,0.49379,-0.31818,0
-0.047111,-0.59259,0.22711,0
0.61718,0.039223,-0.15003,0
-0.37339,-0.43091,-0.28259,0
0.40803,-0.44176,-0.20813,0
0,0,0.63636,0
-0.017946,-0.0092518,0.63604,0
-0.059721,-0.28542,-0.56562,0
-0.32747,-0.4303,-0.33551,0
0.18703,0.60148,0.090564,0
0.0070086,-0.039748,0.63508,0
-0.14947,0.54064,-0.30054,0
-0.10567,0.25227,-0.57459,0
-0.47372,0.42383,-0.030279,0
0.10651,0.60404,-0.16957,0
0.042473,0.068453,-0.63124,0
-0.55617,0.12562,0.28259,0
-0.28227,0.56954,-0.11208,0
0.35381,-0.49685,0.21111,0
0.19574,0.51234,0.3403,0
0.038334,-0.2174,0.60653,0
-0.035299,0.44401,0.46714,0
-0.052641,-0.031516,0.64253,0
0.62086,-0.039457,0.172,0
-0.51209,-0.22411,-0.32273,0
-0.018202,-0.009384,0.64513,0
0.32236,0.30737,-0.46714,0
0.019333,-0.036084,-0.64416,0
-0.47391,-0.015044,-0.43795,0
0.55207,-0.30717,-0.13219,0
-0.047193,0.11267,-0.63379,0
0.52154,0.066559,-0.3744,0
0.49191,-0.094809,0.40699,0
-0.16007,0.025613,-0.62477,0
-0.43112,0.33903,-0.3403,0
-0.41294,-0.12125,-0.48103,0
0.019823,0.0051432,-0.64513,0
0.11639,-0.18758,-0.60653,0
0.027071,-0.56829,-0.30483,0
-0.056816,-0.27153,0.5828,0
0.46377,-0.22075,-0.39089,0
0.22657,0.19011,0.5737,0
0.069729,-0.28743,-0.5737,0
0.2269,0.3657,0.48103,0
-0.20159,0.58245,-0.19165,0
-0.60036,-0.21851,0.091858,0
-0.27278,-0.24405,0.53165,0
-0.13871,0.24025,-0.5828,0
0.45047,-0.14795,0.43795,0
-0.44138,0.1296,0.45277,0
0.35528,0.14223,-0.51977,0
-0.2994,0.17925,0.54299,0
0.1422,0,-0.6296,0
0.37907,0.1245,-0.50736,0
-0.17738,-0.040062,-0.61931,0
-0.0060718,0.38265,0.51977,0
0.029628,-0.02825,0.64416,0
-0.6444,0.020456,-0.030712,0
0.014189,0.080468,0.64026,0
-0.25242,0.057012,0.59131,0
-0.02487,-0.31283,0.56403,0
-0.16137,0.015409,0.62477,0
0.14875,0.47837,-0.40699,0
-0.2702,-0.40613,-0.42268,0
0.54292,-0.34892,-0.010241,0
-0.056783,0.39493,0.50736,0
0.26683,0.37471,-0.45277,0
-0.27949,-0.48409,0.32273,0
-0.13288,0.19973,0.59922,0
0.26057,-0.57058,0.15217,0
0.39552,0.48685,-0.15217,0
0.02557,0.53678,0.35753,0
-0.16589,-0.11421,0.61323,0
-0.18857,-0.14829,-0.59922,0
-0.047193,-0.11267,0.63379,0
-0.27893,0.1438,-0.56403,0
0,0,0.64545,0
-0.00097345,-0.061347,-0.64253,0
0.53965,0.34681,0.071541,0
-0.60022,-0.057314,-0.23035,0
-0.4222,-0.48725,0.030712,0
-0.41372,0.47746,0.13219,0
0.011304,-0.10135,0.63735,0
0.17559,0.1901,-0.59131,0
0.56787,0.10945,0.28662,0
0.59534,-1.4582e-16,0.24937,0
-0.58766,0.25719,-0.071541,0
0.56436,-0.072023,0.30483,0
0.52016,-0.13496,-0.35753,0
-0.41761,-0.42429,-0.24937,0
-0.3092,0.27664,-0.49445,0
-0.2079,-0.60069,0.11208,0
0.2064,-0.54024,-0.28662,0
-0.045287,-0.091376,-0.63735,0
6.3653e-17,-4.6867e-17,-0.64545,0
0.25338,0.55483,-0.21111,0
-0.11013,0.14471,0.61931,0
0.59914,-0.23986,0.010241,0
0.055441,-0.060023,-0.64026,0
0.36255,0.20172,0.49445,0
0.51259,0.032576,0.39089,0
0.040568,0.36376,-0.53165,0
0.29108,0.54328,0.19165,0
0.39281,0.28922,0.42268,0
-0.60036,0.21851,-0.091858,0
-0.12741,0.60893,-0.172,0
-0.51917,-0.083073,0.3744,0
-0.17146,0.62016,-0.051152,0
-0.45135,0.45856,0.051152,0
0.17433,-0.56065,0.26813,0
-0.15645,-0.5659,-0.26813,0
0.29937,0.1425,0.55379,0
-0.36515,-0.4798,0.23035,0
0.047483,0.19573,-0.61323,0
-0.27309,0.18801,-0.55379,0
0.089665,-0.11037,0.6296,0
0.26732,-0.22431,-0.54299,0
0.54814,-0.18003,0.30912,0
0.27519,0.33873,0.48781,0
-0.06993,0.25294,-0.59963,0
0.062093,-0.0039461,-0.65158,0
0.47621,-0.26496,-0.36257,0
0.055261,-0.3134,0.57197,0
0.033997,0.14014,0.63846,0
0.10697,0.15021,-0.62803,0
-0.11654,-0.23513,0.59963,0
-0.13211,-0.057815,-0.63846,0
-0.3899,-0.44997,-0.27191,0
0.43415,0.20666,-0.44412,0
0,0,0.65455,0
-0.50948,-0.35075,0.21408,0
-0.12801,-0.61178,-0.19435,0
-0.16823,0.11582,0.62186,0
-0.41139,0.41797,0.29066,0
0.51183,-0.24363,0.32727,0
-0.2119,-0.61225,0.093152,0
0.50088,-0.3219,0.27191,0
0.072102,0.6465,0.072549,0
-0.6365,0.10185,0.11366,0
0.51145,0.098574,-0.3964,0
-0.52008,-0.11746,0.37967,0
0.64854,0.082767,-0.031145,0
0.23333,0.61075,0.031145,0
1.8898e-17,-7.7899e-17,-0.65455,0
-0.046369,0.041485,0.65158,0
-0.1744,-0.6308,0.010385,0
0.56653,-0.10919,-0.30912,0
0.28877,-0.53896,-0.2336,0
-0.062111,0.43199,-0.48781,0
-0.089783,-0.62446,-0.17442,0
-0.40148,-0.20698,-0.47372,0
0.51223,-0.37715,-0.15431,0
0.59053,-0.23641,0.15431,0
-0.18558,0.32144,0.53913,0
0.20424,-5.0024e-17,-0.62186,0
-0.55982,0.33517,-0.051873,0
-0.31808,-0.010097,-0.57197,0
-0.2584,-0.38839,-0.45915,0
-0.5185,-0.049511,0.3964,0
0.2977,0.19132,-0.55064,0
-0.12801,0.61178,0.19435,0
0.082694,0.0052553,0.64928,0
-0.50102,0.18236,-0.37967,0
-0.016039,-0.03829,-0.65323,0
-0.41545,-0.066477,0.50141,0
-0.14495,0.11399,0.62803,0
-0.38021,-0.13839,0.51451,0
-0.25414,0.2933,-0.52709,0
-0.0076287,-0.48076,0.44412,0
-0.21405,0.61847,-0.010385,0
0.30443,0.56819,-0.11366,0
-0.061937,-0.10728,0.64272,0
-0.34329,0.45108,-0.32727,0
0.0091841,-0.08235,-0.64928,0
-0.13475,0.20254,0.60766,0
-0.49436,0.25486,-0.34509,0
0.084049,-0.090996,-0.64272,0
0.28547,0.30907,-0.50141,0
0.37894,-0.31797,0.42864,0
0.02408,-0.033816,0.65323,0
0.030484,0.63995,0.13406,0
-0.58381,0.055747,-0.29066,0
0.19023,0.61178,-0.13406,0
0.27023,0.59173,-0.072549,0
0.058385,0.33112,0.56159,0
-0.12922,-0.10162,0.63357,0
0.50803,0.37405,0.17442,0
0.24471,-0.30121,0.52709,0
0.51634,0.20671,0.34509,0
-0.0016458,-0.020702,-0.65422,0
-0.039203,0.49312,-0.42864,0
-0.58667,0.17226,0.2336,0
-0.4577,-0.46502,0.051873,0
-0.14931,0.30126,-0.56159,0
-0.48284,-0.43199,-0.093152,0
0.26727,0.087781,-0.59101,0
-0.23729,0.053595,-0.60766,0
-0.22376,0.0071029,0.61507,0
0.017661,-0.37075,-0.53913,0
0.29283,-0.27922,-0.51451,0
-0.56666,0.24799,-0.21408,0
-0.14104,-0.084442,-0.63357,0
-0.43339,-0.12726,0.47372,0
0.47621,0.26496,0.36257,0
0.29032,0.075327,0.58178,0
0.12629,-0.33057,0.55064,0
0.28132,0,0.59101,0
0.46248,0.38807,0.25288,0
0.3183,0.513,-0.25288,0
0.066471,-0.21377,-0.61507,0
0.10259,-0.013092,-0.64632,0
-0.30766,-0.40427,-0.41273,0
0.1001,-0.025973,0.64632,0
-0.0074013,0.46643,0.45915,0
0.15813,-0.25486,-0.58178,0
-0.0080234,0.019155,0.65422,0
0.21104,-0.46211,0.41273,0
-0.010369,-0.65347,0.11524,0
-0.25367,-0.38128,0.4803,0
0.071997,0.64557,-0.13592,0
-0.15945,-0.46069,-0.45028,0
-0.17939,0.31072,-0.55829,0
0.034469,-0.14208,-0.64733,0
0.043559,0.09538,0.6553,0
0.064356,0.054001,0.6583,0
0.062575,0.0079858,-0.66063,0
-0.49523,-0.21674,0.38495,0
-0.62291,0.22672,-0.031577,0
0.35753,-0.11742,0.54662,0
-0.25522,0.51495,-0.33182,0
-0.050515,-0.24142,-0.6161,0
0.33064,0.53289,0.21705,0
-0.25481,0.60834,-0.073556,0
0.031256,-0.65614,0.094445,0
0.14641,0.38322,-0.52165,0
-0.38381,-0.086687,-0.53441,0
-0.50129,-0.015913,0.43459,0
-0.33461,0.43968,0.3676,0
0.10122,-0.32552,0.56939,0
0.39789,0.25571,-0.46552,0
-0.39079,0.17103,-0.50837,0
0.1568,0.50428,0.4019,0
0.10179,-0.26644,-0.59921,0
0.20633,0.22339,-0.58986,0
0,0,0.66364,0
0.18095,-0.10068,-0.6305,0
0.45477,-0.29226,-0.38495,0
-0.21923,0.11302,0.6161,0
-0.34339,0.51614,0.23684,0
0.51295,0.20535,-0.3676,0
-0.12244,-0.1413,-0.63675,0
0.056029,0.31776,-0.57992,0
-0.00033407,0.021053,0.6633,0
0.32997,-0.085615,-0.56939,0
-0.37045,0.37637,-0.4019,0
0.51508,-1.2616e-16,0.41846,0
-0.60336,0.019153,0.27568,0
0.52751,0.2935,-0.27568,0
0.24811,-0.30539,0.53441,0
-0.52851,-0.27247,0.2947,0
0.56626,0.26954,-0.21705,0
-0.035067,-0.4411,-0.49458,0
0.045655,0.043532,0.66063,0
-0.45618,-0.40813,-0.25639,0
0.3271,0.45935,0.34989,0
-0.57059,0.12887,-0.31342,0
-0.11367,0.41115,0.50837,0
-0.39058,-0.51321,0.15646,0
0.37632,0,-0.54662,0
-0.45566,-0.46294,0.13592,0
-0.29178,0.085674,0.58986,0
0.30301,-0.48836,0.33182,0
0.029491,-0.26443,0.60796,0
0.10114,-0.074466,0.65164,0
-0.49927,0.047675,-0.43459,0
-0.64863,0.10379,-0.094445,0
0.63261,0.16414,-0.11524,0
-0.13549,0.64753,0.052593,0
0.39954,-0.19018,0.49458,0
0.12768,-0.10713,0.64237,0
-0.50279,0.3954,-0.17684,0
0.11849,-0.25945,0.59921,0
0.028942,-0.16414,-0.64237,0
-0.26577,-0.18297,0.57992,0
-0.31685,-0.54881,-0.19705,0
-0.56932,-0.34085,-0.010529,0
-0.031368,0.028065,-0.6623,0
0.10296,0.019844,-0.6553,0
-0.63084,-0.060238,0.19705,0
0.29278,-0.54644,-0.23684,0
-0.37721,0.25969,-0.4803,0
0.0049641,0.020462,-0.6633,0
-0.038634,0.48597,0.45028,0
0.26126,-0.050354,-0.60796,0
0.21072,-0.084359,0.62361,0
-0.11493,-0.090379,0.64733,0
-0.45381,-0.13325,0.46552,0
0.005976,0.12545,-0.65164,0
-0.29288,-0.59095,0.073556,0
-0.016261,-0.038822,0.6623,0
0.20666,0.013134,0.6305,0
0.5338,0.39303,0.031577,0
-0.032302,-0.22467,-0.62361,0
0.31243,0.58312,-0.052593,0
0.3849,-0.54051,0.010529,0
0.55576,0.18253,0.31342,0
-1.1566e-17,8.0445e-17,-0.66364,0
-0.5299,-0.19287,-0.34989,0
-0.16847,0.48675,-0.41846,0
0.40333,0.49645,0.17684,0
-0.022387,-0.080974,-0.6583,0
-0.16042,0.096041,0.63675,0
0.63974,-0.081643,-0.15646,0
-0.60442,-0.096714,0.25639,0
0.24344,-0.26356,0.55829,0
0.40941,-0.026019,0.52165,0
-0.38939,0.44938,-0.2947,0
0.14081,0.046246,-0.6562,0
0.18837,0.35158,0.54173,0
0.072675,0.29957,-0.59794,0
-0.61876,0.22521,-0.13778,0
-0.21779,-0.62926,0.095739,0
0.23212,0.092926,-0.62454,0
0.31659,-0.082145,0.58786,0
-0.17906,-0.64767,-0.03201,0
-0.53716,-0.19551,0.35468,0
0.043389,0.046975,-0.66968,0
-0.31421,-0.54423,-0.24009,0
0.32489,0.45624,0.37264,0
-0.23186,0.46783,0.42419,0
0.49698,-0.19896,0.40741,0
0.46877,0.39334,-0.27946,0
-0.12412,0.14324,0.64548,0
0.018727,0.16791,-0.65117,0
0.57207,0.11026,0.33636,0
-0.25421,0.4403,-0.44054,0
0.0060579,-0.12717,0.66057,0
0.089231,0.23356,0.62454,0
0.095157,-0.53966,0.39022,0
-0.42602,-0.38115,-0.35468,0
0.62762,0.16285,0.17926,0
-0.33319,-0.14582,0.56593,0
-0.070329,0.48915,-0.45645,0
0.28867,0.27525,-0.54173,0
-0.39491,0.27188,0.4719,0
0.41897,0.23311,-0.4719,0
0.19943,-0.0655,-0.63914,0
0.45639,-0.49412,-0.010673,0
0.39054,-0.25098,0.48688,0
-0.042992,0.20546,0.63914,0
-0.21171,-0.50544,-0.39022,0
0.1952,-0.18613,0.61629,0
0.049399,-0.069371,-0.66732,0
-0.021248,-0.0020289,0.67239,0
-0.1191,0.28433,0.59794,0
-0.051811,-0.65171,-0.1586,0
0.60368,-0.28735,-0.074564,0
-0.52861,0.084583,-0.40741,0
-0.039494,0.14285,0.6562,0
-0.57834,-0.16982,-0.29874,0
-0.20793,0.60076,-0.22003,0
-0.00033865,0.021342,-0.67239,0
0.33868,-0.54585,-0.19975,0
-0.49978,0.44714,-0.053314,0
-0.43046,0.041104,0.51534,0
-0.050909,0.64037,0.19975,0
-0.38238,-0.26325,-0.48688,0
-0.32362,-0.37348,0.45645,0
0,0,0.67273,0
0.026904,0.033116,0.67137,0
-0.041148,-0.28619,0.60742,0
-0.38485,-0.23041,-0.50136,0
-0.50098,0.1471,-0.42419,0
0.31202,0.14852,0.57719,0
-0.37059,0.48695,0.27946,0
-0.29072,0.14988,-0.58786,0
0.60155,0.038229,0.29874,0
0.15858,-0.65368,0.010673,0
0.32058,-0.3946,0.44054,0
0.30719,0.22618,0.55411,0
-0.0098447,-0.62041,-0.2599,0
-0.23035,0.34623,0.5288,0
-0.042646,-0.0013537,-0.67137,0
0.54915,-0.30554,0.24009,0
0.34361,-0.28832,0.50136,0
0.66522,-0.084894,0.053314,0
-0.1494,-0.22456,-0.61629,0
0.065725,-0.58932,0.31771,0
0.10117,0.57375,-0.33636,0
0.060297,-0.15783,0.65117,0
-0.385,-0.50589,0.22003,0
-0.35477,-0.080128,-0.56593,0
0.1663,0.53483,-0.37264,0
0.04022,-0.075067,0.66732,0
0.55734,0.35818,0.11682,0
-0.058582,0.025638,0.66968,0
-0.65814,0.020892,0.13778,0
0.18528,-0.13642,0.63216,0
0.41502,-0.026375,-0.5288,0
0.044155,0.096686,-0.66428,0
0.35107,0.56582,-0.095739,0
-0.24241,0.24628,-0.57719,0
0.12501,-0.024094,-0.66057,0
0.66858,0,0.074564,0
8.1723e-17,1.0429e-17,-0.67273,0
-0.4218,0.095267,-0.51534,0
-0.4586,-0.46593,0.1586,0
-0.52706,-0.27172,-0.31771,0
-0.48774,-0.38356,0.2599,0
0.67197,-1.6458e-16,0.03201,0
-0.16261,0.097357,-0.64548,0
0.11327,-0.36427,-0.55411,0
0.12011,-0.26301,-0.60742,0
-0.047123,-0.22521,-0.63216,0
-0.2942,-0.5936,-0.11682,0
-0.083551,0.065705,0.66428,0
0.030852,0.64767,-0.17926,0
-0.17306,0.26012,-0.60602,0
0.0010293,0.021608,-0.68147,0
-0.40405,-0.012826,-0.54905,0
0.6109,-1.4963e-16,-0.30277,0
-0.13761,-0.060224,0.66507,0
0.51437,-0.43161,-0.1184,0
-0.59318,0.3058,-0.13964,0
-0.47399,0.10706,0.47828,0
-0.14413,-0.04232,-0.66507,0
-0.29183,-0.58882,-0.18169,0
0.56889,0.10964,-0.35947,0
0.61521,-0.078513,0.28324,0
0.13415,-0.16513,0.64778,0
0.24992,-0.46646,0.42992,0
-0.20556,0.20885,0.61563,0
-0.0055568,-0.35019,-0.58499,0
0.59214,0.32946,0.075571,0
0.3502,0.43107,0.39549,0
-0.26062,-0.39173,0.49346,0
0.33984,-0.36793,0.46262,0
-0.57612,0.25214,0.26342,0
-0.18885,0.16896,0.63298,0
-0.084033,0.58446,0.34091,0
-0.47533,-0.48293,-0.075571,0
0.066613,0.59729,-0.322,0
-0.50807,-0.45456,-0.010818,0
-0.085619,0.1483,0.65997,0
0.20806,-0.4556,-0.46262,0
-0.41162,0.54086,-0.054034,0
0.30748,0.57389,0.20245,0
0.23968,-0.3863,0.50813,0
0.22881,0.10891,-0.63298,0
0.1616,0.10385,-0.6542,0
0.54947,-0.14257,-0.37767,0
0.19131,0.61526,0.223,0
0.15857,-0.22267,0.62462,0
-0.049839,-0.6269,-0.26342,0
0.095307,-0.39286,0.54905,0
0.06364,-0.012266,-0.67873,0
-0.18431,-0.31923,-0.57358,0
-0.3085,-0.049364,0.60602,0
0.53357,-0.39286,-0.16074,0
0.4368,-0.17487,-0.49346,0
-0.14334,0.41416,-0.5223,0
0.050066,0.070309,-0.67633,0
0.069241,-0.22268,0.6407,0
-0.53212,-0.31858,-0.28324,0
-0.30243,0.61021,0.032442,0
-0.12845,0.012266,0.6695,0
0.020083,0.0080401,0.68147,0
0.33573,0.28171,0.5223,0
-0.56153,-0.38658,0.010818,0
0.040371,0.16641,-0.65997,0
-0.015223,0.19149,0.6542,0
0.041084,0.013493,0.68045,0
0.30503,-0.29085,-0.53595,0
-0.047177,-0.32812,-0.59581,0
0.52312,-0.24901,0.35947,0
-0.52462,0.36117,0.24333,0
-0.010784,0.67959,0.054034,0
0.39267,0.37441,-0.41292,0
-0.63576,0.18668,0.16074,0
-0.076718,-0.039551,0.67633,0
-0.55281,0.33097,-0.223,0
0,0,0.68182,0
-0.62892,0.10063,-0.24333,0
0.075928,-0.19874,-0.64778,0
-0.0845,0.097518,-0.6695,0
0.53741,0.39569,0.13964,0
0.097559,0.25536,-0.62462,0
-0.65496,-0.14793,0.1184,0
0.3315,0,0.59581,0
-0.14937,0.35661,-0.5616,0
0.65922,0.17104,-0.032442,0
0.19618,-0.12608,-0.6407,0
-0.38488,-0.036752,0.5616,0
-0.093328,-0.33757,0.58499,0
-0.4802,-0.37764,0.30277,0
-0.61753,-0.22476,0.18169,0
0.10436,-0.59186,0.322,0
-0.3637,-0.41974,-0.39549,0
0.36814,0.39856,0.41292,0
0.056797,0.091539,0.67325,0
-0.53343,0.19415,0.37767,0
-0.12093,-0.57796,-0.34091,0
-0.22073,-0.63776,-0.097033,0
0.40043,-0.13151,0.53595,0
0.51425,0.032681,-0.4465,0
0.078943,0.44771,-0.50813,0
0.21983,0.48137,-0.42992,0
0.042896,0.0054743,-0.68045,0
-0.08468,0.066593,-0.67325,0
0.45028,-0.25053,0.4465,0
0.01754,-0.3682,0.57358,0
9.2548e-18,-8.2984e-17,-0.68182,0
-0.13822,0.66057,0.097033,0
-0.11322,-0.27029,-0.61563,0
-0.12949,0.46836,-0.47828,0
-0.65074,0.020657,-0.20245,0
-0.03925,-0.051574,0.67873,0
0.47295,-0.060357,-0.50003,0
-0.37192,0.55902,-0.16289,0
-0.12255,-0.58566,0.34545,0
0.10861,0.44769,0.51491,0
-0.63438,0.060576,0.26693,0
-0.21866,0.44119,0.48466,0
0.11291,0.15856,-0.66292,0
-0.29821,0.39184,-0.48466,0
0.02062,-0.084998,0.68535,0
-0.59212,-0.3545,0.032875,0
-0.54,-0.15856,-0.40077,0
-0.39965,-0.35755,0.43565,0
0.088133,-0.49983,-0.46879,0
-0.2603,0.094742,-0.63295,0
0.2693,-0.33149,0.54309,0
-2.7674e-17,7.9958e-17,-0.69091,0
0.21491,0.20492,0.62384,0
-0.34194,0.39462,0.45245,0
-0.27483,0.27922,0.56909,0
0.063322,-0.088923,0.68223,0
-0.568,-0.090887,0.38271,0
-0.07431,0.51684,-0.45245,0
-0.099537,0.36003,-0.58123,0
-0.51322,0.4036,0.22597,0
0.4659,0.50441,-0.076579,0
0,0,0.69091,0
0.23301,0.60991,-0.22597,0
-0.35473,0.01126,-0.59279,0
-0.41711,-0.54807,-0.054755,0
0.10941,0.13468,-0.66876,0
0.52871,-0.33978,-0.28701,0
-0.30454,-0.45775,0.41842,0
0.0051943,0.10904,-0.68223,0
-0.10355,-0.29918,-0.6141,0
0.02192,-0.46015,-0.51491,0
0.076569,0.68657,0.010962,0
-0.5919,0.30515,0.18411,0
0.64411,-0.040935,-0.24658,0
0.21515,0.013673,-0.65641,0
0.52871,0.33978,0.28701,0
-0.054692,0.68796,-0.032875,0
-0.26528,0.63334,0.076579,0
0.088719,-0.096052,0.67842,0
-0.61403,-0.31655,-0.010962,0
-0.29917,0.51818,-0.34545,0
0.23839,0.095437,-0.64142,0
0.17352,-4.25e-17,0.66876,0
0.44803,-0.42719,-0.30681,0
-0.23529,-0.56172,0.3263,0
0.07643,0.042525,-0.68535,0
0.064012,-0.20586,0.65641,0
0.10598,-0.27739,-0.62384,0
-0.002415,-0.1522,0.67393,0
-0.099679,-0.11504,-0.67393,0
-0.29572,-0.59667,-0.18411,0
-0.43853,0.07017,-0.52927,0
0.53193,0.067885,-0.43565,0
0.14604,-0.23538,0.63295,0
0.64783,-0.12486,-0.20514,0
0.36372,-0.14561,-0.56909,0
-0.27163,0.16263,0.6141,0
0.10263,0.1654,0.66292,0
-0.058299,-0.40548,-0.55637,0
-0.061714,-0.022462,-0.68778,0
0.59571,-0.28356,0.20514,0
-0.13218,0.63173,0.24658,0
-0.16496,-0.59667,0.30681,0
-0.5673,0.39055,0.054755,0
-0.39271,-0.27036,0.50003,0
-0.25035,0.22398,-0.60375,0
-0.44239,-0.3479,0.40077,0
-0.5611,-0.12673,-0.38271,0
-0.010961,-0.018984,-0.69056,0
0.20306,0.65304,0.098327,0
0.12127,-0.22634,0.64142,0
0.3008,0.22147,0.58123,0
-0.68078,-0.065007,-0.098327,0
0.054318,-0.11894,-0.67842,0
-0.0070462,0.44405,0.52927,0
0.0076093,0.043154,-0.68952,0
-0.65965,0.14899,-0.1415,0
0.28265,0.61893,0.11998,0
-0.55791,-0.24417,-0.3263,0
0.22873,-0.059347,0.64924,0
0.07442,-0.6673,0.16289,0
0.60545,0.19885,-0.26693,0
0.53009,0.25233,-0.36426,0
0.40577,-0.13327,-0.54309,0
-0.39305,0.11541,0.55637,0
0.59095,-0.3288,0.1415,0
-0.47729,-0.48493,-0.11998,0
0.50754,0,0.46879,0
0.2705,-0.19917,0.60375,0
-0.0034727,-0.043682,0.68952,0
0.27726,0.51749,0.36426,0
0.021219,0.0055054,0.69056,0
0.42117,-0.3534,-0.41842,0
0.064488,0.012429,0.68778,0
-0.32513,0.14229,0.59279,0
-0.23619,-0.0074975,-0.64924,0
0.031805,0.66767,-0.20784,0
0.56562,0.072183,0.40604,0
0.3653,-0.58875,0.09962,0
-0.066041,-0.059086,0.69437,0
0.10105,0.32499,0.61169,0
-0.59202,-0.17383,0.33059,0
-0.18594,-0.67257,-0.055475,0
0.4142,-0.026323,-0.56369,0
-0.55004,0.088012,-0.42393,0
-0.56781,0.39091,-0.12155,0
-0.072428,0.083587,0.69121,0
-0.48062,-0.48831,0.14336,0
-0.13008,0.22531,0.64986,0
0.23042,0.60313,-0.27044,0
-0.011105,-0.019234,0.69965,0
0.45392,-0.43281,0.31085,0
-0.0083935,0.52896,-0.4584,0
0.69428,-0.088604,0.011106,0
-0.25825,-0.61653,0.20784,0
-0.36688,-0.28852,0.52169,0
-0.23353,-0.052745,0.65778,0
0.2257,0.49421,-0.44139,0
0.019206,-0.10892,-0.69121,0
-0.1822,0.23941,-0.63205,0
-0.61671,0.019577,-0.33059,0
0.17589,0.1295,-0.66505,0
0.17697,0.21783,-0.64128,0
-0.28337,-0.32702,-0.55024,0
0.50674,0.4252,0.22895,0
0.018007,-0.37802,-0.58888,0
0.12724,0.12132,0.67756,0
0.11447,-0.29964,0.62218,0
-0.29375,0.5927,-0.22895,0
0.47969,0.30828,-0.40604,0
-0.60179,0.1767,-0.31085,0
-0.4389,0.099129,0.53623,0
0.061741,0.5536,0.42393,0
0.15416,-0.63547,0.24982,0
-0.13188,-0.012593,0.68735,0
-0.14291,-0.68301,0.055475,0
0.46157,-0.49972,0.16503,0
-0.05709,0.03418,0.69683,0
-0.58734,-0.09398,-0.36906,0
-0.13892,0.33165,0.60059,0
-0.11493,0.10283,0.6828,0
-0.33638,-0.17342,0.58888,0
0.67748,0.17578,-0.011106,0
0.19742,-0.27723,-0.61169,0
-6.7937e-18,8.5456e-17,-0.7,0
0.64565,-1.5814e-16,0.27044,0
-0.055133,-0.6935,-0.077587,0
0.45778,0.49562,-0.18653,0
-0.35282,0.18189,0.57657,0
0.52808,-0.44312,0.12155,0
-0.3358,0.50472,-0.35,0
0.049872,-0.44718,-0.53623,0
0.1208,0.68512,0.077587,0
0.04218,0.013853,0.69859,0
0.1374,0.56637,0.38774,0
-0.57592,-0.39649,-0.033307,0
0.33382,-0.13364,-0.60059,0
-0.21743,0.020762,0.66505,0
0.26303,0.42392,-0.49103,0
0,0,0.7,0
0.24984,-0.46631,0.4584,0
-0.1777,-0.51342,0.44139,0
-0.23649,0.18598,0.63205,0
0.59526,0.11473,0.35,0
-0.19425,-0.25525,-0.62218,0
0.47433,-0.091419,-0.50661,0
-0.095591,0.45684,-0.52169,0
-0.34996,0.35555,0.49103,0
-0.14411,-0.2166,-0.64986,0
-0.64384,-0.23434,-0.14336,0
0.28091,0.5243,0.36906,0
-0.018853,0.13113,-0.68735,0
-0.20826,0.60172,0.29079,0
-0.31049,-0.62649,0.033307,0
-0.25711,-0.11252,0.64128,0
-0.090618,-0.63026,-0.29079,0
0.62562,-0.29779,-0.09962,0
0.020054,0.0095456,-0.69965,0
0.51421,0,-0.47496,0
-0.35609,-0.21319,0.56369,0
-0.6232,0.27274,-0.16503,0
0.38422,-0.099691,-0.57657,0
-0.15414,-0.004893,-0.6828,0
0.04218,-0.013853,-0.69859,0
0.027641,-0.060526,-0.69683,0
-0.18532,0.067451,-0.67165,0
0.11439,0.16064,0.67165,0
0.17545,0.01115,-0.67756,0
-0.1553,0.56173,-0.38774,0
-0.0081585,-0.51415,0.47496,0
0.071359,-0.05254,-0.69437,0
0.56758,-0.36476,0.18653,0
0.57141,0.31793,-0.24982,0
0.22226,0.088981,-0.65778,0
0.42212,-0.23486,0.50661,0
0.12848,-0.4132,0.55024,0
0.076604,0.31577,-0.63027,0
-0.18905,0.45133,0.51319,0
-0.3574,-0.18425,-0.58406,0
-0.70864,0.022495,0.01125,0
-0.54345,-0.086957,-0.44712,0
3.0991e-17,8.112e-17,-0.70909,0
0.0084737,0.17789,0.68636,0
0.25638,-0.16477,0.64026,0
0.57367,-0.27307,-0.31488,0
0.51148,0.09858,0.48112,0
-0.57812,-0.398,-0.10091,0
-0.57706,-0.21003,-0.35455,0
0.36739,0.20441,-0.57101,0
0.030515,-0.033037,-0.70766,0
0,0,0.70909,0
0.30415,-0.019329,-0.64026,0
-0.55341,0.33133,-0.29457,0
-0.5252,-0.46989,0.078594,0
0.5797,-0.11173,0.39278,0
-0.0746,-0.35652,-0.60839,0
-0.056019,0.70464,0.056195,0
0.31978,0.59684,-0.21054,0
-0.070609,0.33745,0.61964,0
-0.69092,0.065975,-0.14523,0
-0.25707,0.058061,0.6583,0
-0.0080181,-0.5053,0.49741,0
0.24466,-0.097949,-0.6583,0
0.13142,0.084459,0.69167,0
-0.033319,-0.4191,0.57101,0
-0.089043,0.15423,-0.68636,0
-0.5504,-0.12431,0.42943,0
-0.65107,-0.06217,0.27395,0
-0.40581,0.53323,0.23192,0
0.39972,-0.56133,-0.16717,0
0.032549,0.031035,0.70766,0
0.34606,0.11366,0.60839,0
0.27517,-0.60254,-0.25306,0
0.062542,-0.56079,-0.42943,0
0.32845,0.40429,-0.48112,0
-0.21848,0.034959,-0.67369,0
-0.085749,-0.5964,0.37385,0
-0.3896,0.20085,0.55738,0
0.062575,0.025051,0.70588,0
0.56089,-0.18421,-0.39278,0
-0.18703,0.6765,0.10091,0
0.049368,0.27998,-0.6496,0
-0.014733,0.017003,-0.70873,0
-0.16246,-0.28139,0.63027,0
-0.17024,-0.34349,-0.59653,0
0.021777,-0.0056503,0.70873,0
-0.40518,-0.41166,-0.41131,0
-0.011181,0.70463,-0.078594,0
0.44377,0.48045,-0.27395,0
0.36704,0.27024,-0.5432,0
-0.15703,-0.12349,-0.68037,0
-0.12294,-0.053803,-0.69628,0
0.44033,-0.542,-0.12313,0
-0.04046,0.2814,0.6496,0
0.54313,0.45574,-0.01125,0
0.15622,0,-0.69167,0
0.07201,-0.23159,0.66633,0
-0.47489,0.17284,-0.49741,0
0.31283,-0.58387,0.25306,0
0.047327,-0.076276,-0.70339,0
0.19641,0.43007,-0.52846,0
0.17817,-0.13119,0.67369,0
-0.34981,-0.45964,0.41131,0
0.33497,0.53987,0.31488,0
-0.16655,-0.60243,0.33488,0
0.059398,0.53259,0.46436,0
0.51872,0.13459,-0.46436,0
-0.2024,0.40839,0.5432,0
-0.69371,-0.022021,0.14523,0
0.48539,0.061945,-0.51319,0
0.031884,-0.66933,-0.23192,0
-0.62612,0.27402,0.18895,0
0.4269,0.20321,0.52846,0
0.69691,0.04429,0.12313,0
0.34476,-8.4441e-17,-0.61964,0
-0.16935,-0.4043,-0.55738,0
0.21031,0.67635,0.03374,0
0.51261,-0.48877,-0.03374,0
-0.38171,0.57373,0.16717,0
-0.19168,0.056283,0.68037,0
-0.45766,0.40946,0.35455,0
-0.057831,-0.034624,-0.70588,0
0.094798,-0.39076,0.58406,0
-0.42239,-0.48747,0.29457,0
0.4788,-0.40176,-0.33488,0
0.039985,-0.10466,0.70018,0
-0.18,0.52009,0.44712,0
-0.47362,0.37246,-0.37385,0
-0.12539,-0.36228,0.59653,0
0.39276,0.55156,0.21054,0
-0.11053,0.076097,0.69628,0
0.61769,-0.34367,-0.056195,0
0.24057,-0.030702,-0.66633,0
-0.47942,0.48709,-0.18895,0
-0.06206,-0.093279,-0.70018,0
0.015588,-0.088402,0.70339,0
-0.35073,0.24146,-0.57833,0
-0.50068,-0.50869,0.079602,0
0.28489,-0.62382,0.21324,0
-0.46353,0.41471,0.35909,0
0.40725,-9.9748e-17,-0.59155,0
0.1129,-0.46536,-0.53524,0
-0.30513,-0.5285,0.37864,0
-0.40705,-0.012921,0.59155,0
0.46049,0.49855,-0.23489,0
-0.65719,0.28761,-0.034172,0
-0.044175,-0.55566,0.45285,0
0.427,-0.3583,-0.45285,0
0.018922,0.041434,0.71674,0
-0.084568,-0.075661,0.70916,0
0.18267,0.47814,0.50379,0
0.54277,0,0.47031,0
0.45143,0.55566,-0.056916,0
-0.14294,-0.68314,0.16932,0
-0.45826,0.46559,0.29834,0
-0.0674,0.32211,-0.63835,0
-0.18446,0.66718,0.19138,0
-0.25427,0.29344,-0.60417,0
0.018349,0.01351,0.71782,0
-0.58066,-0.29935,-0.29834,0
8.5133e-17,2.2089e-17,-0.71818,0
0.31323,-0.33912,-0.55016,0
-0.062855,0.094475,-0.70916,0
0.35049,0.11511,-0.61619,0
-0.0064824,0.045086,-0.71674,0
0.51971,-0.49554,-0.011395,0
0.25967,0.16688,0.64847,0
0.071659,-0.11549,0.7052,0
0.26973,0.15007,-0.64847,0
-0.26379,0.45689,-0.48729,0
-0.17242,-0.3479,0.60417,0
0.5669,-0.072348,-0.43494,0
0.63472,-0.30213,-0.14709,0
-0.69187,0.021963,-0.19138,0
-0.14868,0.054115,0.70054,0
-0.70907,0.11346,0.011395,0
0.15198,0.48876,-0.50379,0
0.12207,-0.69228,0.14709,0
-0.20342,0.58776,-0.35909,0
0.19669,-0.63254,0.27747,0
0.030618,-0.64276,-0.31892,0
0.087663,-0.22946,-0.67487,0
0.44815,0.37604,0.41659,0
0.31684,0.59136,0.25631,0
0.27777,0.39007,0.53524,0
-0.49761,0.39132,0.33918,0
0.56808,-0.18658,-0.39782,0
-0.70765,0.067573,-0.10221,0
-0.053786,0.67655,0.23489,0
0.23406,0.37724,0.56453,0
-0.16032,0.08265,-0.69516,0
-0.22901,0.13711,0.66674,0
0.57035,-0.036247,0.43494,0
-0.010644,-0.6708,-0.25631,0
0,0,0.71818,0
0.51188,0.48807,-0.12471,0
-0.27576,0.65834,-0.079602,0
-0.48343,-0.10919,-0.51977,0
-0.28087,0.063436,-0.65793,0
0.025103,0.52697,0.48729,0
0.22179,0.10557,0.67487,0
-0.66462,-0.2419,0.12471,0
0.085183,-0.15899,0.69516,0
0.4533,0.087366,0.55016,0
-0.61742,-0.18129,0.31892,0
-0.54777,-0.23973,0.39782,0
-0.21147,0.27786,-0.62758,0
0.019912,-0.011079,-0.71782,0
0.32417,-0.12978,0.62758,0
0.69232,0.088354,-0.16932,0
0.049207,0.44122,-0.56453,0
0.5907,-0.15326,-0.37864,0
0.073421,-0.65834,-0.27747,0
-0.012939,-0.089991,0.7124,0
-0.19077,-0.69004,0.056916,0
0.062929,0.2594,-0.66674,0
-0.23717,-0.16328,0.65793,0
0.60349,-0.38784,0.034172,0
0.50977,-0.37534,-0.33918,0
-0.15905,-0.12508,0.68909,0
-0.3831,-0.44212,-0.41659,0
0.06813,0.0043298,-0.71493,0
-0.13421,-0.021475,-0.7052,0
-0.65801,0.19321,-0.21324,0
-0.3276,-0.031282,0.63835,0
0.073942,0.41935,0.57833,0
-0.31652,-0.1895,0.61619,0
0.14689,0.058806,-0.70054,0
-0.13572,-0.17833,-0.68232,0
0.11737,-0.16482,-0.68909,0
-0.2325,-0.67177,0.10221,0
0.53296,-0.10272,-0.47031,0
-0.030315,0.061167,0.71493,0
0.1413,-0.17393,0.68232,0
-0.19147,-0.45712,0.51977,0
-0.0014425,0.090905,-0.7124,0
0.20365,0.38009,-0.58565,0
-0.54031,0.4834,-0.057636,0
-0.20694,-0.31103,-0.62399,0
0.65032,0.041329,-0.32296,0
0.10514,0.59631,0.40285,0
0.50261,0.47924,0.21594,0
-0.65614,-0.28716,0.12629,0
-0.047986,0.6036,-0.40285,0
0.028718,-0.062884,0.72398,0
0.50757,-0.1667,-0.49346,0
0.072457,0.089187,-0.71814,0
-0.70218,-0.15859,0.1035,0
-0.3945,-0.31024,0.52635,0
-0.63475,0.18638,-0.30212,0
0.68904,0.17878,-0.14895,0
-0.0042886,0.27027,-0.67518,0
0.36503,-0.14614,-0.61182,0
0.31195,-0.019825,-0.65667,0
0.11517,-0.14177,0.70396,0
-0.48468,0.015386,0.54201,0
-0.060291,-0.06958,-0.72142,0
-0.058692,-0.40821,0.59904,0
0,0,0.72727,0
-0.32582,0.56433,0.32296,0
0.25795,0.67519,0.08061,0
0.6968,-0.18079,-0.1035,0
0.41241,-1.0101e-16,-0.59904,0
0.61113,-0.39275,-0.034605,0
-0.045017,-0.13007,-0.71413,0
0.31927,-0.15197,-0.63553,0
0.033383,-0.031831,0.72581,0
-0.14241,-0.07342,-0.7094,0
0.15679,-0.22018,0.67518,0
-0.52673,-0.47125,0.17146,0
-0.14356,0.68612,0.1938,0
0.34343,-0.64098,-0.011539,0
-0.29373,-0.10691,0.65667,0
-0.18104,-0.65482,-0.25955,0
0.2156,0.070811,-0.69096,0
-0.64217,0.28104,-0.1938,0
-0.22591,0.021571,0.69096,0
-0.49733,-0.14603,-0.51016,0
0.14689,0.32164,0.63553,0
0.63804,0.25543,0.23787,0
0.028188,-0.59175,0.42186,0
0.37293,-0.40376,-0.47626,0
0.088773,-0.23236,-0.68341,0
0.59885,0.38486,0.14895,0
-0.40109,0.24013,-0.55712,0
7.1722e-17,5.2807e-17,-0.72727,0
-0.0076938,-0.48486,-0.54201,0
0.16663,-0.68685,-0.17146,0
-0.34185,-0.44918,-0.45858,0
-0.61022,0.097642,-0.38344,0
0.14569,0.60056,0.38344,0
0.3357,0.47142,0.44044,0
0.65659,0.31254,0.011539,0
-0.094649,0.065161,0.71814,0
0.022889,-0.0029211,-0.72691,0
-0.13591,-0.021747,0.71413,0
-0.28442,0.064239,0.66626,0
0.13902,0.15052,-0.69781,0
0.060838,0.19566,0.69781,0
0.65868,0.12695,0.28098,0
-0.18679,-0.32353,0.62399,0
-0.16659,-0.39772,0.58565,0
0.24874,0,0.68341,0
-0.050998,0.076652,0.72142,0
-0.41551,0.21421,0.55712,0
0.50678,-0.42524,0.30212,0
-0.13374,0.48373,-0.52635,0
-0.043559,-0.54791,0.47626,0
0.31663,-0.23313,0.61182,0
0.012005,-0.068081,-0.72398,0
-0.51878,-0.35716,0.36364,0
0.21526,-0.69229,0.057636,0
-0.48716,-0.49495,-0.21594,0
0.012166,0.019607,0.72691,0
-0.38572,-0.23093,0.57167,0
-0.23017,-0.46441,0.51016,0
-0.44969,0.45688,0.34347,0
0.23702,-0.38201,-0.57167,0
-0.54383,0.19794,-0.44044,0
-0.28066,0.67004,0.034605,0
-0.47333,0.54625,-0.08061,0
0.18118,0.023123,-0.70396,0
0.065663,0.58877,-0.42186,0
-0.097034,0.1275,0.7094,0
-0.26196,0.206,-0.64643,0
-0.63815,-0.060936,-0.34347,0
-0.015086,0.04359,-0.72581,0
0.43241,0.36283,0.45858,0
0.031918,0.67004,-0.28098,0
0.32723,-0.063069,0.64643,0
-0.3052,0.61579,-0.23787,0
0.55038,0.30622,-0.36364,0
0.59368,-0.33031,0.25955,0
-0.53398,-0.016951,0.49346,0
-0.10193,0.70893,-0.12629,0
0.032319,-0.28979,-0.66626,0
-0.082372,-0.238,-0.69196,0
-0.51596,0.52421,-0.035038,0
-0.010375,-0.020933,-0.73599,0
0.4092,0.30129,-0.53293,0
-0.4711,-0.13833,0.54879,0
0.081607,0.73173,0.011683,0
0.55504,0.3567,-0.32699,0
-0.52243,0.049886,-0.51654,0
-0.19905,0.34477,0.61947,0
0.18159,0.034999,0.71276,0
-0.0011106,-0.069987,-0.73303,0
-0.19005,0.083176,0.70654,0
0.32076,-0.59867,0.28449,0
0.70193,0.18213,0.12787,0
0.31377,0.44063,-0.49963,0
0.11945,-0.67742,-0.2628,0
-0.58797,-0.214,-0.38823,0
0.11724,-0.075342,0.72306,0
0.70174,0.044597,0.21864,0
-0.16353,0.2458,-0.67459,0
-0.25878,-0.61781,-0.3059,0
0.16524,-0.53141,0.48222,0
0.66279,-0.31549,0.058357,0
0.70773,-0.1364,0.15081,0
-0.18543,0.37413,0.60653,0
-0.35544,0.12937,-0.63179,0
-0.058173,0.73174,-0.058357,0
-0.5625,0.44236,-0.1736,0
0.63951,0.35581,0.081617,0
0.70985,0.09059,0.1736,0
0.46964,0.39408,-0.40789,0
0.12925,0.24124,-0.68362,0
-0.22688,-0.036304,-0.6996,0
0.28907,-0.63298,0.24084,0
-0.10007,-0.696,-0.21864,0
0.034822,-0.731,-0.081617,0
0.62571,0,0.38823,0
-0.07515,0.21713,0.6996,0
-0.30774,0.40437,0.53293,0
-0.18913,-0.68408,0.19622,0
-0.45415,0.13335,0.56409,0
-0.14762,-0.25568,0.67459,0
0,0,0.73636,0
0.02743,0.11307,0.72711,0
0.022994,-0.20618,-0.70654,0
0.60258,-0.24124,-0.34776,0
-0.57124,-0.018133,-0.46432,0
-0.35385,0.18242,-0.61947,0
-0.10748,0.51368,0.51654,0
-0.44947,0.071921,0.57882,0
-0.24877,-0.19564,0.66488,0
-0.23481,0.14058,0.68362,0
-0.26884,0.64183,-0.24084,0
0.029449,0.036248,0.73488,0
-0.49406,-0.34014,-0.42713,0
0.56719,-0.31558,0.34776,0
0.031688,0.034308,-0.73488,0
0.31598,0.30129,-0.59297,0
-0.27197,-0.40878,-0.54879,0
-0.0011106,0.069987,0.73303,0
-0.40148,0.46333,0.40789,0
-0.54816,0.49043,0.035038,0
-0.31822,-0.16405,0.64347,0
0.30885,-0.33438,-0.57882,0
0.15703,-0.040743,-0.71827,0
0.18876,-0.30422,-0.64347,0
-0.093896,0.65306,0.32699,0
0.53657,-0.068477,0.49963,0
0.12593,0.71416,-0.12787,0
0.52909,0.25185,-0.44595,0
0.31325,0.12541,-0.65451,0
-0.31119,-0.27842,-0.60653,0
0.066001,0.17276,-0.71276,0
0.17184,-0.70832,-0.1048,0
-0.66772,-0.29223,0.1048,0
-0.32913,-0.074337,0.65451,0
0.52872,-0.17365,-0.48222,0
0.48477,-0.46223,0.3059,0
0.4148,0.13623,0.59297,0
0.29941,0.65562,-0.15081,0
0.68787,-1.6848e-16,0.2628,0
-0.084396,-0.1109,-0.72306,0
-0.26068,0.17947,-0.66488,0
0.18935,0.60895,0.36818,0
0.071409,-0.059919,0.73044,0
-7.1466e-18,-8.9895e-17,-0.73636,0
-0.04323,0.15636,0.71827,0
-0.51648,-0.52474,-0.011683,0
0.13499,-0.35334,0.63179,0
0.46023,-0.33886,0.46432,0
-0.16493,-0.19034,0.69196,0
0.36948,-0.4548,0.44595,0
-0.11582,-0.011059,-0.72711,0
-0.09694,-0.46329,-0.56409,0
0.023316,-0.0014818,0.73599,0
-0.07998,-0.047884,-0.73044,0
-0.67885,0.021549,-0.28449,0
0.34793,-0.4886,0.42713,0
0.030343,0.63699,-0.36818,0
-0.6923,0.15636,-0.19622,0
0.72965,0,-0.15267,0
-0.12719,-0.16712,-0.71526,0
-0.10204,0.36908,0.63959,0
0.73862,-0.094262,0.03547,0
-0.55743,-0.20289,0.45145,0
-0.48762,-0.56274,-0.03547,0
0.15757,0.25396,-0.68292,0
0.23378,-0.32829,-0.62712,0
-0.066197,-0.067256,-0.73946,0
0.054282,0.045548,-0.74208,0
-0.033636,0.16075,0.72714,0
-0.5955,0.17486,0.41292,0
-0.38413,0.39027,-0.5058,0
-0.55381,0.49548,-0.059077,0
-0.019481,0.013412,0.74508,0
0.2096,-0.01332,0.71526,0
0.2801,-0.45144,-0.52292,0
0.51008,0.37557,0.39302,0
0.70122,0.18194,0.17575,0
-0.29153,0.065845,0.68292,0
0.31672,0.17622,0.65141,0
-0.54378,-0.48651,0.15267,0
-0.63047,-0.18512,0.35206,0
-0.58993,0.35319,0.288,0
0.066494,0.37711,-0.63959,0
0.53786,-0.39602,-0.33103,0
0.082116,0.7363,-0.082625,0
-0.10755,0.12412,-0.72714,0
0.4568,0.56227,-0.17575,0
0.53525,-0.17579,-0.48817,0
0.29915,0.55834,-0.39302,0
0.069066,-0.22212,0.70823,0
0.4031,-0.25906,0.57105,0
-0.4225,-0.013412,0.61401,0
0.35201,-0.657,0.011827,0
-0.45535,0.19928,-0.55556,0
0.046899,0.0059852,-0.74395,0
0.15987,0.65898,-0.30967,0
-0.74049,0.023506,0.082625,0
-1.4484e-18,9.128e-17,-0.74545,0
-0.22662,0.11683,0.7005,0
0.13097,-0.052433,0.73198,0
-0.33319,-0.075255,0.66259,0
-0.045505,-0.10864,-0.73609,0
-0.16641,-0.085789,0.72156,0
0.10935,0.043775,0.73609,0
-0.028723,-0.3613,-0.65141,0
0.16835,-0.16052,-0.70823,0
-0.66891,0.24346,0.22134,0
0.021356,-0.010165,-0.74508,0
0.035512,-0.31842,-0.67309,0
-0.28169,-0.4879,0.48817,0
-0.32279,0.55909,-0.37273,0
-0.093513,-0.6504,-0.35206,0
0.15775,0.50732,0.52292,0
0.46081,-1.1287e-16,0.58597,0
-0.0114,-0.71841,-0.19864,0
-0.58024,-0.39947,0.24381,0
0.0228,-0.47863,-0.57105,0
-0.099103,0.68928,-0.26604,0
0.40249,-0.43576,-0.45145,0
-0.4514,0.59313,-0.011827,0
0.31012,-0.080466,0.67309,0
-0.62987,-0.37711,0.12945,0
0.29839,0.41904,-0.53951,0
-0.22353,0.53366,-0.47005,0
0.61335,0.20144,0.37273,0
-0.68762,0.11003,0.26604,0
0.434,0.083646,-0.60029,0
0.38168,0.18168,-0.61401,0
-0.36998,-0.55609,0.33103,0
0.26333,0.68928,0.10609,0
-0.11778,-0.426,0.60029,0
0.094179,0.0059852,0.73946,0
0.025289,-0.066194,0.74208,0
-0.25176,-0.040284,-0.7005,0
0.40268,-0.22404,-0.58597,0
-0.21778,0.17127,-0.69206,0
0.25413,-0.3128,0.62712,0
0.41874,0.39927,0.47005,0
0.026056,0.54698,0.5058,0
-0.4948,0.047247,0.55556,0
0.46516,-0.39032,-0.43241,0
0.59626,-0.11492,0.43241,0
-0.0037469,0.047131,0.74395,0
0.30652,0.67119,-0.10609,0
0.28169,-0.61681,0.30967,0
0.14632,-0.60315,-0.41292,0
-0.16825,-0.48613,0.53951,0
0.28736,0.18468,-0.66259,0
0.095723,0.10363,-0.73198,0
-0.57706,-0.45381,-0.12945,0
-0.2758,-0.026336,0.69206,0
-0.30533,-0.61606,-0.288,0
-0.235,0.67898,0.19864,0
0,0,0.74545,0
-0.17151,-0.075062,-0.72156,0
0.12904,-0.73182,0.059077,0
-0.39021,0.58651,-0.24381,0
-0.3161,0.6378,-0.22134,0
0.72738,-0.092827,0.17789,0
-0.25768,-0.23054,0.67067,0
-0.24156,-0.69793,-0.15454,0
0.1165,-0.25509,0.7005,0
0.18576,-0.10336,0.72398,0
0.02857,-0.59976,0.45696,0
0.35066,-0.56515,-0.35635,0
-0.095087,-0.0090797,0.74847,0
0.26763,-0.70051,0.083632,0
0.068143,0.02238,0.75113,0
-0.46034,0.36202,-0.47578,0
-0.16,0.57873,-0.45696,0
-0.0722,0.09487,-0.74507,0
0.26925,0.70477,-0.011972,0
-0.36526,0.3711,0.54609,0
-0.62878,-0.27518,-0.31345,0
-0.48273,-0.14174,-0.56234,0
0.43718,0.61394,-0.035903,0
-0.015018,-0.18891,-0.73036,0
0.38759,0,-0.64739,0
0.66385,0.12795,-0.33507,0
0.074299,-0.42137,-0.6215,0
0.29705,-0.057252,0.69125,0
0.033666,-0.13877,-0.74091,0
0.30861,0.57599,-0.37727,0
-0.39141,0.11493,-0.63476,0
0.18811,-0.26417,-0.6813,0
-0.081954,-0.049066,-0.74847,0
9.1662e-17,1.1698e-17,-0.75455,0
-0.0044494,-0.2804,-0.7005,0
0.65861,0.36644,0.035903,0
0.6284,0.29912,-0.29151,0
-0.41538,-0.62434,-0.083632,0
0.030176,0.037143,0.75303,0
-0.52811,-0.36357,0.39782,0
0.51965,-0.033025,-0.54609,0
0.055764,-0.50001,0.56234,0
-0.015677,-0.018093,0.75417,0
0.49267,-0.31662,0.47578,0
0.0079097,0.16605,0.73601,0
-0.038811,0.18549,0.73036,0
-0.59033,0.21486,0.41796,0
0.49495,-0.36442,0.43768,0
-0.11772,0.2039,0.71687,0
0.38692,-0.4189,0.49412,0
0.080995,0.45934,-0.59311,0
0.20074,-0.64558,0.33507,0
-0.67058,-0.34571,0.011972,0
-0.084406,0.24388,-0.70904,0
-0.013261,0.019932,-0.75417,0
-0.71813,-0.11491,-0.20107,0
-0.097758,-0.35359,0.65936,0
-0.18738,-0.44735,-0.57802,0
0.60143,0.44282,-0.10738,0
0.32777,-0.27503,0.6215,0
-0.078883,-0.54864,-0.51197,0
-0.66048,0.3405,-0.13103,0
-0.043437,-0.057075,-0.75113,0
0.50676,0.54864,0.10738,0
-0.61955,0.42653,0.059798,0
0.051698,0.46356,0.59311,0
0.37594,0.60589,-0.24679,0
0.56576,0.47473,0.15454,0
-0.11916,-0.0037826,0.74507,0
-0.016847,0.21191,-0.72398,0
0.64611,0.25866,0.29151,0
-0.51152,0.45764,0.31345,0
-0.073819,0.14894,-0.73601,0
-0.6093,0.26666,0.35635,0
0.29282,-0.075977,-0.69125,0
-0.031339,0.036167,-0.75303,0
0.48556,-0.23113,0.52929,0
0.66891,-0.26779,0.22404,0
-0.38882,-0.39503,0.51197,0
-0.34558,0.01097,-0.67067,0
-0.70982,0.067779,0.24679,0
0.59685,-0.19602,-0.41796,0
-0.069024,0.48008,0.57802,0
-0.46139,0.27624,-0.52929,0
0.47428,-0.5838,-0.059798,0
0.096291,0.30967,0.6813,0
0.18305,-0.34165,0.64739,0
-0.029246,-0.13977,0.74091,0
0.37636,0.24187,0.60761,0
-0.24251,-0.088265,0.70904,0
0.46403,0.44245,-0.39782,0
-0.27232,0.65013,-0.26929,0
-0.71526,-0.16155,-0.17789,0
-0.32295,-0.65162,0.20107,0
0,0,0.75455,0
0.40712,0.025873,0.63476,0
0.65346,-1.6005e-16,0.37727,0
0.43304,0.11236,-0.60761,0
0.44483,-0.42415,-0.43768,0
0.055508,0.22881,-0.71687,0
-0.28837,-0.22678,-0.65936,0
-0.73375,0.11741,0.13103,0
-0.0090475,0.57018,-0.49412,0
0.29931,0.65541,-0.22404,0
-0.68754,0.15529,0.26929,0
0.38361,-0.5387,-0.38182,0
-0.061626,-0.42862,-0.62899,0
0.47558,0.26461,-0.53567,0
0.6019,0.44317,-0.1564,0
-0.18333,0.36991,-0.64241,0
0.56166,0.26735,0.44295,0
-0.56073,-0.44096,0.27253,0
-0.62681,-0.27432,-0.33911,0
0.4742,-0.58369,-0.1326,0
0.62336,-0.34683,-0.27253,0
0.096671,0,0.75749,0
0.28856,-0.63186,-0.31723,0
-0.43629,-0.22492,-0.58498,0
-0.20346,-0.73593,0.012116,0
-0.15622,-0.7466,-0.036335,0
0.014568,-0.30582,0.69957,0
-0.18402,-0.054032,0.73916,0
-0.14191,0.24579,0.70894,0
-0.63294,0.14296,-0.40261,0
0.5927,-0.4364,-0.20349,0
-0.26044,0.26461,0.6673,0
0.061065,-0.039244,0.76018,0
-0.0058907,0.37123,-0.6673,0
-0.19671,0.46963,0.56911,0
-0.031717,0.036603,0.7621,0
0.74974,-0.1445,-0.012116,0
-0.6611,0.28933,-0.24976,0
0.12176,0.1161,0.74487,0
0.31769,-0.082429,-0.68951,0
-0.11904,-0.081951,0.74984,0
0.45692,0.11855,-0.60026,0
0.59024,0.2363,-0.42299,0
-0.024119,-0.0023031,0.76325,0
0.33245,-0.10919,-0.67875,0
-0.29864,-0.067451,-0.69957,0
0.62079,0.039452,-0.44295,0
-0.041762,-0.52531,-0.55267,0
-0.13519,-0.32275,0.67875,0
0.2044,0.067131,-0.7327,0
0.092479,-0.38121,-0.65519,0
-0.71316,0.25957,-0.08464,0
0.38047,0.61319,0.24976,0
0.077549,0.2494,0.71758,0
-0.0074895,-0.47199,0.60026,0
0.49477,-0.53566,0.22674,0
0.095893,0.012238,-0.75749,0
-0.094842,0.074584,0.75404,0
-0.58781,0.30304,0.38182,0
-0.71028,-0.25852,-0.10868,0
0.53578,-0.21449,0.50008,0
-0.21417,0.02045,0.7327,0
-0.43443,0.12756,0.61493,0
-0.31968,-0.48049,-0.50008,0
0.25646,0.049428,-0.71758,0
-0.0064563,0.023353,-0.76325,0
-0.43686,0.26155,-0.56911,0
0.060035,0.13146,-0.74984,0
0.028202,0.59202,-0.48151,0
0.42443,0.52243,0.36064,0
-0.06228,-0.037287,-0.76018,0
0.062176,0.5575,-0.51813,0
0.25626,-0.12198,-0.70894,0
-0.035882,0.45134,-0.61493,0
0.51026,0.55244,0.1326,0
0.75586,-1.8513e-16,0.10868,0
0.69323,-0.044056,0.31723,0
-0.73279,-0.11725,0.18003,0
0.060042,-0.15716,-0.74487,0
-0.48359,0.43265,0.40261,0
0.42694,0.59955,0.20349,0
0.078068,-0.7,-0.29503,0
0.26493,-0.49446,0.51813,0
-0.095794,0.66626,-0.36064,0
-0.42627,-0.43308,-0.46247,0
-0.077934,0.22517,0.72551,0
0.20451,0.38169,0.62899,0
0,0,0.76364,0
0.64168,0.41239,0.036335,0
0.056945,-0.18314,-0.73916,0
-0.46101,0.60576,0.060518,0
-0.048408,0.0015367,-0.7621,0
-0.70399,-0.022347,0.29503,0
-0.10581,-0.2135,-0.72551,0
-0.379,0.56966,0.33911,0
-0.084555,0.4041,0.64241,0
0.28694,-0.46245,0.53567,0
0.63067,-0.080485,0.42299,0
0.13219,0.74967,-0.060518,0
0.092428,0.077556,-0.75404,0
0.35525,-0.33873,0.58498,0
0.092479,0.38121,0.65519,0
-0.62511,0.43036,0.08464,0
-0.45266,-0.59479,0.1564,0
-0.19385,-0.5601,0.48151,0
0.056993,-0.32322,0.68951,0
-0.52035,0.083262,0.55267,0
-0.47752,-0.55109,-0.22674,0
-0.37106,-0.64269,-0.18003,0
-0.45288,-0.40518,0.46247,0
7.1639e-17,-6.0113e-17,-0.76364,0
-0.2854,-0.42897,-0.57589,0
-0.047024,-0.013808,-0.77117,0
0.33875,0.4757,-0.50603,0
-0.18454,0.44058,-0.6074,0
0.26429,-6.4732e-17,0.72613,0
-0.15623,0.4514,0.6074,0
0.63579,-0.20881,0.38636,0
0.64801,-0.41645,0.061239,0
-0.51599,0.46164,0.34314,0
-0.28382,-0.49159,0.5243,0
-0.010887,0.021967,0.77234,0
0.092937,0.030524,0.76651,0
0.31086,-0.33656,0.62225,0
-0.68605,0.35368,0.036768,0
-0.46755,-0.32189,-0.5243,0
-0.70781,0.30977,0.01226,0
-0.011586,0.73014,0.25273,0
-0.73543,-0.11768,0.20591,0
-0.37551,0.01192,-0.67525,0
0.38903,0.62699,-0.22944,0
-0.10962,-0.76246,-0.061239,0
-0.010418,-0.65652,0.4074,0
-0.059242,-0.077843,-0.76651,0
-0.74685,0.1195,0.15826,0
0.046316,-0.05701,-0.76923,0
-0.42616,0.25514,0.59194,0
-0.14606,-0.087448,0.75374,0
0.080619,-0.17653,-0.74796,0
-0.10173,0.48617,-0.59194,0
-0.70065,0.20573,-0.25273,0
-0.61701,0.22457,-0.4074,0
0.69061,-0.32873,0.10997,0
0.48359,0.52356,0.29854,0
-0.15335,-0.36611,0.66299,0
0.27574,0.72175,-0.01226,0
-0.29717,-0.5996,-0.38636,0
0.10669,0.059361,-0.76302,0
0.4373,-0.027791,0.63648,0
-0.30945,0.21304,0.67525,0
-0.50546,-0.58333,-0.036768,0
0.16058,-0.66192,0.36494,0
0.27124,-0.2276,-0.68683,0
0.098611,-0.31714,0.69772,0
0.27159,-0.71088,-0.13418,0
-0.19235,-0.69574,0.27578,0
-0.23491,-0.1211,-0.72613,0
0.21726,0.013808,-0.74143,0
-0.43289,0.34043,0.54205,0
-0.37239,0.48932,-0.46797,0
0.15756,0.15023,0.74143,0
0.54216,0.21705,0.50603,0
0.26744,-0.19691,-0.69772,0
0.1093,-0.61988,-0.44823,0
0.24233,-0.3403,-0.65006,0
-0.10133,-0.29277,0.7079,0
-0.68922,0.065813,-0.34314,0
-0.26662,0.4618,-0.55925,0
-0.12709,0.14667,0.74796,0
0.043995,-0.39449,-0.66299,0
0.64335,0,-0.42803,0
0.66881,-0.1289,-0.36494,0
-0.53381,0.54235,0.13418,0
0.047439,-0.012309,0.77117,0
-0.017376,0.12085,0.76302,0
0.028537,0.59907,-0.48725,0
0,0,0.77273,0
0.046305,0.41519,0.65006,0
0.28488,0.036357,-0.71738,0
-0.57234,-0.51206,-0.085648,0
0.23102,-0.37233,-0.63648,0
0.76179,-0.097219,0.085648,0
0.15371,0.073168,-0.75374,0
0.71423,0.18532,0.22944,0
0.1193,0.26124,0.71738,0
-0.66051,-0.24041,0.321,0
-0.49996,-0.50796,-0.29854,0
-0.057206,-0.71957,-0.27578,0
0.029258,-0.61421,0.46797,0
0.17704,0.72978,0.18218,0
0.10513,0.33812,0.68683,0
-0.36014,-0.28321,-0.62225,0
0.65621,-0.36511,-0.18218,0
-9.2307e-17,-2.0848e-17,-0.77273,0
-0.6929,-0.30324,-0.15826,0
-0.17161,0.25794,-0.7079,0
0.1745,-0.16639,0.73415,0
0.15204,0.18714,-0.73415,0
0.012755,0.072336,0.76923,0
0.13576,-0.054352,0.75876,0
-0.040832,0.51361,0.57589,0
-0.55044,-0.017473,-0.54205,0
0.54122,0.34782,0.42803,0
-0.7614,-0.072705,-0.10997,0
0.53845,0.45181,-0.321,0
-0.61398,0.13867,0.44823,0
-0.029951,-0.14314,-0.75876,0
-0.1421,0.51396,0.55925,0
0.011579,0.021611,-0.77234,0
0.28324,-0.52865,0.48725,0
0.73133,0.14095,-0.20591,0
0.16672,-0.043258,-0.76261,0
-0.68435,-0.35281,0.13576,0
-0.1461,-0.023378,0.76769,0
-0.42866,-0.64429,-0.11126,0
0.16518,0.10616,0.75676,0
-0.15976,-0.18437,-0.74278,0
-0.31309,-0.21555,-0.68319,0
-0.57673,-0.51599,0.11126,0
-0.68329,-0.15433,-0.34718,0
-0.18667,0.67518,0.34718,0
0.17158,0.095466,-0.75676,0
-0.4566,-0.46391,0.43306,0
0.22686,-0.21631,-0.71623,0
-0.48341,0.49114,-0.36923,0
-0.44133,-0.042142,0.64397,0
-0.53222,-0.41854,0.39091,0
4.5218e-17,-8.4395e-17,-0.78182,0
-0.098981,-0.47304,0.61455,0
0.17737,-0.1306,-0.75015,0
0.11536,0.65424,0.41219,0
0.16855,0.23669,-0.72581,0
0.093686,-0.53132,-0.56583,0
-0.05636,-0.70893,-0.32478,0
-0.074188,-0.51599,-0.58266,0
-0.063762,-0.038175,-0.77828,0
-0.019157,-0.045736,-0.78024,0
0.07922,-0.32655,0.70592,0
0,0,0.78182,0
0.75909,-0.096874,-0.16012,0
-0.16194,-0.21278,-0.73467,0
-0.45414,0.16529,-0.61455,0
0.23211,0.74647,0.012404,0
-0.072491,0.016373,0.77828,0
-0.55298,0.28508,0.47348,0
-0.32022,0.64611,-0.30205,0
0.42268,-1.0353e-16,-0.65771,0
0.49554,-0.5365,0.27902,0
0.33314,-0.46782,-0.53047,0
0.079699,0.058681,-0.77553,0
0.22285,0.35916,0.65771,0
-0.46331,-0.014707,-0.62957,0
0.54366,-0.30248,-0.47348,0
0.15552,-0.074029,0.76261,0
0.38155,-0.12531,0.67079,0
-0.2081,-0.7527,0.0372,0
0.49143,-0.6049,0.061959,0
0.14333,0.37516,-0.67079,0
0.6671,0.31754,-0.25571,0
0.033839,-0.71036,0.32478,0
0.21656,-0.56685,0.49298,0
-0.061577,0.77456,-0.086655,0
-0.45772,0.073241,0.62957,0
0.51728,-0.20709,-0.54843,0
0.31013,0.67909,-0.23214,0
0.094628,0.079403,0.772,0
-0.44339,0.5117,-0.39091,0
0.30779,0.059322,0.71623,0
0.72111,0,0.30205,0
0.33534,-0.021312,-0.70592,0
-0.048393,-0.13982,-0.76769,0
-0.55105,0.1618,0.53047,0
-0.69426,-0.25269,0.25571,0
0.063041,0.25986,0.73467,0
-0.34823,-0.1524,0.68319,0
0.62534,-0.12052,-0.4535,0
-0.32674,0.42933,0.56583,0
-0.67003,0.40115,-0.0372,0
-0.0095835,0.022879,-0.78142,0
0.024804,0.5207,0.58266,0
-0.3282,0.14363,-0.69491,0
-0.50027,0.04777,-0.59891,0
-0.55692,0.017679,0.54843,0
-0.049486,-0.085713,0.77553,0
0.039708,-0.35604,0.69491,0
-0.34849,0.27405,-0.64397,0
0.38497,-0.32303,0.59891,0
0.37257,0.45859,-0.51198,0
-0.010327,0.65084,-0.43306,0
0.24445,-0.1571,0.72581,0
-0.045111,0.21559,0.75015,0
0.014723,-0.04735,0.78024,0
-0.061764,0.10698,-0.772,0
0.66705,0.17308,0.36923,0
-0.63418,0.4366,-0.13576,0
0.34492,0.64376,-0.27902,0
0.54031,0.51519,0.23214,0
0.083522,0.74891,-0.20833,0
-0.012055,-0.75968,-0.18432,0
-0.74553,-0.21891,0.086655,0
0.4009,0.43404,0.51198,0
0.75909,0.096874,0.16012,0
-0.24646,0.7121,0.20833,0
-0.29501,-0.59524,-0.41219,0
0.023029,0.0092193,0.78142,0
-0.4317,0.64887,-0.061959,0
0.41214,-0.66425,-0.012404,0
-0.10813,0.75205,0.18432,0
0.25208,-0.55197,-0.49298,0
-0.47462,0.42463,0.4535,0
0.23177,0.076122,0.74278,0
-0.18392,0.16455,0.75142,0
-0.36896,0.10834,-0.69114,0
-0.098229,0.077248,-0.78097,0
-0.76513,0.073061,0.18646,0
0.32723,0.15576,-0.70299,0
0.78842,0,0.06268,0
0.023841,0.0078301,-0.79051,0
-0.44789,-0.19602,0.6217,0
0.48814,-0.52849,0.32856,0
-0.27999,0.19276,0.71413,0
0.73549,-0.24156,0.16198,0
-0.69124,0.15612,-0.35122,0
0.44684,0.55002,0.35122,0
0.2031,0.44473,-0.6217,0
0.050062,-0.0031815,-0.78932,0
0.52796,0.50341,0.30556,0
0.52526,0.56868,-0.16198,0
-0.061727,0.77644,0.13734,0
0.035936,-0.75439,0.23484,0
0.69154,0.088254,0.37352,0
0.77971,-0.099506,-0.087663,0
-0.6855,0.2495,-0.30556,0
-0.049233,-0.056818,0.78733,0
0.42377,-0.52161,-0.41699,0
-0.29844,0.60216,0.41699,0
-0.032197,-0.40499,-0.67859,0
-0.48903,-0.49685,-0.37352,0
-0.18117,-0.43253,-0.6369,0
0.36794,-0.35083,-0.60587,0
0.056349,-0.50525,0.60587,0
0.10379,0.58865,-0.51794,0
-0.6339,-0.37952,-0.28226,0
0.52735,-1.2916e-16,0.58944,0
-0.18436,-0.53267,0.5548,0
-0.12572,-0.60085,0.49871,0
-0.78644,-0.075096,-0.037633,0
0.013987,0.29362,0.73425,0
-0.31948,-0.64461,-0.32856,0
-0.05546,-0.083359,0.78455,0
0.76546,-0.19861,-0.012549,0
0.088076,0.23054,-0.75142,0
0.24291,-0.20383,0.72456,0
0.35607,-0.50004,-0.49871,0
7.7997e-17,-5.7428e-17,-0.79091,0
-0.48512,-0.2501,-0.57241,0
-0.10826,0.39158,0.67859,0
0,0,0.79091,0
-0.73863,-0.26884,0.087663,0
-0.091687,-0.6377,0.45877,0
0.17251,-0.55479,0.53664,0
0.22238,0.014132,-0.75887,0
-0.035188,0.035751,0.78932,0
0.084229,0.054131,-0.78455,0
0.13289,-0.54779,-0.5548,0
-0.0074401,-0.46888,0.6369,0
0.10379,-0.58865,0.51794,0
-0.35186,-0.46233,-0.53664,0
-0.70078,0.36128,-0.06268,0
0.61894,0.45572,-0.18646,0
0.70114,-0.28069,-0.23484,0
-0.74358,-0.16795,-0.21076,0
0.15189,0.62609,-0.45877,0
0.17935,-0.085372,-0.76556,0
0.13317,0.42827,0.65145,0
-0.53893,0.086236,0.57241,0
0.6841,0.38062,-0.11256,0
-0.28658,-0.2564,0.69114,0
0.072771,0.018881,-0.78733,0
-0.17248,0.49835,-0.58944,0
-0.60325,0.26401,-0.4381,0
0.17763,-0.38896,0.66536,0
0.11748,0.18934,0.75887,0
-0.14698,0.25457,-0.73425,0
-0.38116,-0.66018,0.21076,0
-0.0035712,0.024838,0.79051,0
0.040169,0.36018,0.70299,0
-0.58767,0.35184,-0.39545,0
-0.28544,0.68146,0.28226,0
0.23646,-0.3811,-0.65145,0
0.38196,0.53639,0.4381,0
-0.60388,-0.17732,-0.47898,0
-0.1289,0.61603,0.47898,0
0.31558,0.12634,-0.71413,0
0.5247,0.44028,0.39545,0
-0.51735,0.59705,0.037633,0
0.082291,0.15359,0.77148,0
-0.1478,-0.02365,0.77662,0
-0.33611,-0.26432,-0.66536,0
0.07069,-0.13194,-0.77662,0
-0.10293,-0.070862,0.78097,0
0.27939,-0.73131,0.11256,0
-0.17565,0.26401,-0.72456,0
0.69105,-0.38449,0.012549,0
-0.19917,-0.72039,0.25868,0
-0.27037,0.0085826,-0.74321,0
0.19505,-0.037592,0.76556,0
0.14658,-0.094204,-0.77148,0
-0.012358,0.7788,-0.13734,0
-0.45264,0.59476,-0.25868,0
-0.27037,-0.0085826,0.74321,0
-0.43453,-0.19017,-0.64422,0
-0.22704,-0.54204,-0.54281,0
0.10593,0.17073,0.77436,0
-0.17192,-0.29777,0.72234,0
-0.4694,0.54172,-0.35525,0
-0.16284,0.77822,-0.088671,0
0.36193,-0.39184,-0.59621,0
-0.30194,0.20787,-0.71107,0
-0.12717,-0.60776,0.50444,0
0.062901,0.16464,0.78034,0
-0.49069,0.25297,-0.57899,0
0.14866,0.028653,0.78554,0
-0.47422,0.62311,-0.16385,0
0.37105,-0.17662,-0.68639,0
-0.50777,-0.081249,-0.61284,0
-0.26419,-0.18188,0.73289,0
0.34829,-0.25644,0.673,0
0.39777,0.10321,0.68639,0
0.32667,-0.10729,-0.72234,0
-0.77393,0.073901,0.18861,0
-0.4341,-0.5704,0.35525,0
-0.35633,0.15594,-0.69908,0
0.68977,0.32833,0.23754,0
-0.54089,-0.54954,0.21318,0
0.04795,0.059022,0.79638,0
-0.32552,0.48928,0.54281,0
0.15293,0.16557,-0.76759,0
-0.76672,-0.22513,-0.038066,0
0.2391,0.13303,-0.75175,0
-0.78827,-0.075271,-0.11385,0
-0.74033,-0.26946,-0.13892,0
0.079703,-0.098106,-0.78995,0
-0.18604,0.16644,0.76006,0
-0.013521,-0.048905,-0.79839,0
-0.076007,0.0024127,-0.79638,0
0.65166,0,0.46405,0
0.51035,0.48662,-0.37782,0
-0.10036,0.69799,0.37782,0
0.5852,0.49104,-0.23754,0
-0.34931,-0.40313,0.59621,0
-0.25219,0.72867,-0.21318,0
-0.047679,0.017354,0.79839,0
0.27141,-0.034638,0.75175,0
-0.64119,-0.38388,0.28551,0
0.025382,-6.2169e-18,-0.7996,0
0.20184,0.64912,0.42178,0
-0.059225,0.74497,-0.28551,0
-0.012691,0.021982,0.7996,0
0.21,-0.13496,-0.76006,0
0.16158,0.35381,0.69908,0
0.032956,0.2955,-0.74269,0
-0.23904,-0.21386,-0.73289,0
-0.2827,0.5704,0.48449,0
-0.43955,-0.22661,-0.62884,0
-0.23958,-0.3601,-0.673,0
-0.63309,0.37903,0.30908,0
-0.073183,-0.509,0.61284,0
-0.27573,-0.55634,-0.50444,0
0.14684,-0.47223,0.62884,0
0.74234,-0.14307,0.26165,0
0.53437,-0.13865,0.57899,0
0.20051,0.012743,-0.77436,0
-0.008026,-0.10096,-0.79356,0
0.051631,-0.29281,0.74269,0
0.7364,-0.046799,-0.30908,0
0.72695,-0.29103,0.16385,0
-0.53434,0.42021,-0.42178,0
0,0,0.8,0
0.60906,-0.51106,0.088671,0
0.34367,-0.64144,-0.33233,0
-0.28815,-0.22661,0.71107,0
0.33229,-0.72761,0.012693,0
-0.12128,0.035611,0.78995,0
0.10695,0.44086,0.65894,0
0.054033,-0.14143,-0.78554,0
0.027129,-0.56951,0.56118,0
-9.5565e-17,-2.1584e-17,-0.8,0
-0.22028,0.52589,-0.56118,0
-0.0075256,-0.47427,0.64422,0
0.070561,-0.63269,-0.48449,0
0.64219,0.47283,-0.0634,0
0.54714,-0.5217,-0.26165,0
-0.59701,0.095528,0.52389,0
0.67292,0.43246,-0.012693,0
-0.16111,0.58274,-0.52389,0
-0.55265,0.56149,0.13892,0
0.78549,0.10024,0.11385,0
-0.14837,-0.4287,-0.65894,0
-0.70983,0.16032,0.33233,0
0.023876,-0.098419,0.79356,0
0.35116,-0.56596,0.44314,0
0.010724,0.22513,0.76759,0
0.58203,-0.32383,-0.44314,0
0.61912,0.20334,-0.46405,0
0.12031,0.68229,0.4,0
-0.69247,-0.021982,-0.4,0
0.46352,-0.65092,0.038066,0
0.72176,0.28895,-0.18861,0
-0.012653,0.79738,0.0634,0
0.10223,0.14357,-0.78034,0
0.11791,-0.48605,0.63599,0
-0.41105,0.14961,0.68065,0
-0.24794,0.50027,0.58557,0
-0.0020283,0.12782,-0.79893,0
0.47699,-0.45481,0.46932,0
-0.39314,0.68094,-0.19075,0
-0.2142,-0.077963,0.77632,0
0.39345,0.63412,0.31259,0
0.19059,0.41734,-0.66643,0
0.72267,-0.13928,-0.33611,0
-0.27325,0.043723,-0.7603,0
0.18578,0.34674,0.70702,0
0.67301,-0.26943,-0.35929,0
-0.020008,0.25167,0.76869,0
0.71506,-0.34037,0.16571,0
-0.24626,0.05562,-0.76869,0
-0.54449,0.23829,-0.54898,0
-0.59405,-0.018858,0.54898,0
-0.6023,-0.53887,0.038498,0
-0.80858,0.025668,0.012837,0
-0.36482,-0.37065,-0.6198,0
0.76305,-0.048493,-0.26463,0
-0.0335,0.096792,-0.80258,0
0.41368,-0.58094,-0.38211,0
-3.8281e-17,-9.1392e-17,-0.80909,0
-0.55156,0.56038,0.19075,0
0.62292,-0.079497,-0.51017,0
0.60986,0.39193,0.35929,0
0.39879,0.56003,-0.42657,0
0.44718,0.48414,-0.46932,0
-0.6924,-0.30303,0.28875,0
0.52913,-0.57286,-0.2156,0
0.35695,-0.66621,-0.28875,0
0.53948,-1.3213e-16,-0.60299,0
-0.0085593,-0.53941,0.60299,0
0.41477,0.02636,0.69419,0
0.19919,-0.11083,-0.77632,0
0.0056877,-0.051,0.80746,0
-0.21492,0.77738,-0.06412,0
0.43351,-0.5336,0.42657,0
-0.40795,0.53604,0.44817,0
-0.07946,-0.55265,-0.58557,0
0.28785,-0.75343,0.06412,0
0.45576,0.14969,-0.65154,0
0.34495,0.044022,0.73055,0
-0.36907,-0.035242,-0.71915,0
0.096551,0.11884,-0.79447,0
0.74784,-0.19404,-0.24024,0
-0.3984,-0.69005,0.1405,0
-0.061229,-0.77017,0.24024,0
0.38313,0.32149,-0.63599,0
-0.078506,0.18742,0.78316,0
0.021596,-0.013879,-0.80868,0
-0.61299,-0.48206,0.2156,0
-0.12523,-0.59851,0.52984,0
-0.35563,-0.71756,-0.11515,0
0.14244,0.45808,0.65154,0
0.13655,-0.11458,-0.78921,0
-0.38759,0.34677,0.6198,0
0.04764,0.019072,-0.80746,0
-0.37791,0.26017,0.66643,0
0.29108,-0.63737,-0.40455,0
-0.042601,-0.064032,0.80543,0
0.089504,0.049799,0.80258,0
-0.77153,-0.22654,0.089678,0
-0.6087,0.058124,-0.52984,0
0.26122,0.19233,0.74122,0
-0.042795,0.29765,-0.75113,0
-0.62802,-0.14185,0.48999,0
-0.016811,-0.019401,0.80868,0
0.052926,-0.17021,0.78921,0
-0.5007,0.57784,0.26463,0
-0.1795,-0.64927,-0.44817,0
0.18958,0.78144,-0.089678,0
0.77126,0.20011,-0.1405,0
-0.21058,-0.60843,-0.48999,0
0.077664,0.69638,0.40455,0
0.38627,0.074447,-0.70702,0
0.16363,-0.12048,-0.78316,0
-0.29836,-0.17863,-0.73055,0
0,0,0.80909,0
-0.056675,0.27086,0.7603,0
-0.51725,-0.3561,0.51017,0
-0.62951,0.49506,0.11515,0
-0.31125,0.091391,-0.74122,0
0.38802,-0.62538,0.33611,0
-0.10968,0.065667,0.79893,0
-0.2423,0.36419,-0.68065,0
-0.66331,-0.34196,-0.31259,0
0.019776,0.41514,-0.69419,0
-0.18211,-0.23929,0.75113,0
-0.075943,-0.012152,-0.80543,0
0.57663,0,-0.56756,0
0.33476,0.15935,0.71915,0
0.14034,-0.7959,-0.038498,0
0.57315,0.5465,-0.16571,0
0.54784,-0.17993,0.56756,0
0.038493,-0.80807,-0.012837,0
-0.1361,0.070164,0.79447,0
0.25452,0.66621,0.38211,0
-0.42442,-0.12462,0.6883,0
-0.096944,-0.67426,-0.45321,0
-0.13477,0.48748,0.64313,0
-0.11199,-0.40509,-0.70199,0
-0.56809,-0.57718,0.11644,0
-0.045994,-0.092803,0.8116,0
-0.30051,0.13152,0.74954,0
0.24255,-0.079662,-0.77733,0
0.23741,-0.22637,-0.74954,0
0.69383,0.044094,-0.43137,0
-0.58282,-0.018501,-0.57393,0
-0.5496,0.28334,0.5358,0
0.041004,-0.066086,0.81448,0
-0.606,-0.54218,-0.090686,0
-9.894e-17,-1.5831e-17,-0.81818,0
-0.051866,0.0016464,0.81653,0
0.24487,-0.1803,0.75957,0
0.29108,0.7619,0.064841,0
0.27883,-0.72983,0.24293,0
0.53642,0.17618,-0.59215,0
-0.33036,-0.2598,0.70199,0
0.25764,-0.48087,0.60976,0
0.23779,0.76472,-0.16757,0
0.50955,0.28351,0.57393,0
-0.63691,-0.27874,0.43137,0
0.672,0.31987,-0.33989,0
0.46738,0.65635,0.14208,0
0.48511,-1.1882e-16,-0.65886,0
0.082491,-0.73966,0.33989,0
-0.40493,-0.70135,-0.11644,0
0.1417,0.58409,0.55514,0
-0.31574,0.7538,-0.038931,0
0.078536,0.7042,-0.40909,0
-0.64955,0.44718,0.21802,0
-0.0059483,0.37487,0.72723,0
-0.007385,0.051364,-0.81653,0
0.17286,0.11109,-0.79196,0
0.53507,0.5793,-0.21802,0
0.52195,0.49768,-0.3864,0
-0.62705,0.10034,0.51591,0
-0.45585,-0.16592,0.65886,0
0.11924,-0.49151,-0.64313,0
-0.41586,0.47992,-0.51591,0
-0.66338,-0.39717,0.2676,0
-0.20455,0.019533,0.79196,0
-0.18119,0.14249,-0.78504,0
0.70714,-0.04494,0.40909,0
-0.22035,0.33119,0.71497,0
0.27758,-0.035425,0.76884,0
0.012148,-0.25501,0.77733,0
-0.76209,-0.17213,-0.24293,0
0.11132,-0.358,-0.72723,0
-0.0020573,0.025878,0.81777,0
-0.45269,-0.68042,0.038931,0
-0.26595,-0.76842,0.090686,0
-0.38215,-0.26309,-0.67392,0
0.038926,0.81715,-0.012981,0
0.71984,0.13874,0.36333,0
0.42816,-0.11109,-0.6883,0
-0.78116,0.17643,0.16757,0
0.13104,-0.74319,0.3161,0
-0.027868,-0.35054,0.73876,0
-0.72408,0.21261,-0.3161,0
-0.057962,0.051857,-0.81448,0
-0.71618,-0.36922,-0.14208,0
-0.12309,0.58829,-0.55514,0
-0.062726,0.082422,-0.8116,0
0.26665,0.49768,0.59215,0
-0.6822,0.40843,0.19289,0
-0.76084,-0.072652,0.292,0
-0.37447,-0.49205,-0.5358,0
0.52182,-0.43786,0.45321,0
-0.23354,0.47122,0.62676,0
0.11297,-0.062853,-0.8079,0
0.010784,-0.023613,-0.81777,0
0.1273,0.72195,-0.36333,0
0.7643,0,-0.292,0
0.60444,-0.24198,0.4955,0
0.48753,0.6001,-0.2676,0
0.41892,-0.19941,0.67392,0
0.32033,0.23586,-0.71497,0
-0.012615,-0.79502,-0.19289,0
-0.058955,0.17034,-0.79808,0
0.51428,-0.63303,-0.064841,0
0.10875,-0.069891,0.8079,0
0.62668,0.52585,0.012981,0
-0.46751,0.47499,0.47459,0
-0.20319,-0.48508,-0.62676,0
0.12153,0.19587,0.78504,0
-0.51264,0.18659,-0.60976,0
0,0,0.81818,0
0.34038,0.088316,-0.73876,0
0.37766,-0.53035,-0.4955,0
0.65443,-0.12613,-0.47459,0
-0.057312,-0.2739,-0.76884,0
-0.11804,-0.13623,0.79808,0
-0.36059,0.62457,0.3864,0
0.30164,0.038495,-0.75957,0
0.064324,0.14085,-0.8034,0
0.14375,0.057549,0.8034,0
-0.092542,0.26738,-0.77738,0
-0.65732,0.14846,-0.47987,0
-0.15633,0.20542,-0.78597,0
0.25721,0.27847,0.73531,0
-0.051496,-0.05943,0.82353,0
-0.7693,0.073459,-0.29524,0
0.68537,-0.44046,-0.14365,0
-0.79286,-0.23281,0.039363,0
-0.10046,-0.4801,0.66618,0
-0.54467,-0.087154,0.61654,0
-0.22056,-0.52656,-0.59873,0
-0.23266,0.23639,-0.75787,0
-0.018471,0.23234,-0.79376,0
-0.094747,-0.3427,0.74697,0
-0.77259,0.2812,-0.091693,0
0.19501,0.80385,-0.013125,0
0.74925,0.14441,-0.31961,0
0.20451,0.6577,0.45824,0
-0.51113,-0.016225,0.65028,0
0.57894,-0.11158,0.58031,0
-0.78984,-0.17839,0.16943,0
0.0049831,-0.10461,-0.82062,0
0.088102,0.056619,0.82062,0
-0.57071,0.29422,0.52164,0
-0.17542,0.63451,-0.501,0
-0.76506,0.22464,-0.22045,0
0.34416,-0.089298,-0.74697,0
-0.29073,0.69408,-0.34366,0
0.027187,0.15418,-0.81232,0
0.35499,0.33848,-0.66618,0
0.48014,0.22855,0.63373,0
-0.23266,-0.23639,0.75787,0
0.5586,0.46872,0.3907,0
0.62018,0.079147,-0.54175,0
0.0093674,0.024519,-0.82686,0
-0.00083247,-0.052462,-0.82561,0
-0.05961,-0.17223,0.80695,0
-0.11653,-0.20184,0.79376,0
0.39025,-0.72838,-0.039363,0
-0.12907,0.020652,-0.81688,0
0.09609,0.15487,-0.80695,0
0.7656,0.3065,0.065561,0
-0.25985,-0.39057,0.68141,0
0.66786,0.21935,0.43616,0
0.50875,-0.48509,-0.43616,0
0.6241,-0.52368,0.14365,0
0.02022,0.42447,-0.70979,0
-0.16941,0.80963,0.013125,0
0.10526,0.077499,0.81688,0
-0.53642,0.32116,0.54175,0
0.27388,0.071061,0.77738,0
0.76304,0,0.31961,0
0.47475,-0.19006,-0.65028,0
-0.0037354,0.02598,0.82686,0
0.46739,-0.5753,-0.36736,0
-0.41109,0.36779,-0.61654,0
0.78361,-0.1,-0.24563,0
0.35528,-0.57261,0.47987,0
0.38319,0.47167,0.56131,0
-0.043757,-0.30434,-0.76801,0
-0.67905,-0.29718,0.36736,0
0.5556,-0.60152,0.11773,0
0.027187,-0.15418,0.81232,0
0.6219,-0.29603,-0.45824,0
-0.12583,-0.16533,0.80076,0
-0.52216,0.6026,0.22045,0
-0.68523,-0.2494,-0.3907,0
0.29211,-0.09594,0.76801,0
0.715,0.045439,0.41364,0
0.62231,-0.4582,0.29524,0
-0.75549,0.33064,-0.065561,0
-0.29976,-0.26819,-0.72291,0
0.53176,-1.3024e-16,-0.63373,0
-0.56316,0.44287,-0.41364,0
-8.3448e-17,-5.745e-17,-0.82727,0
-0.26986,0.5445,-0.56131,0
0.37245,-0.52303,-0.52164,0
-0.0067423,0.4249,0.70979,0
-0.54224,0.3733,0.501,0
0.008716,0.078153,-0.82353,0
-0.81844,0.02598,-0.11773,0
0.17903,0.33414,-0.73531,0
-0.3651,-0.73666,0.091693,0
-0.44523,-0.042515,0.69595,0
0.46969,0.65959,-0.16943,0
-0.10388,0.17993,-0.80076,0
0.060858,-0.25086,0.78597,0
0.51521,-0.28666,-0.58031,0
0.063276,-0.56737,0.59873,0
-0.68978,-0.41297,-0.19504,0
-0.031876,-0.40095,0.72291,0
-0.70215,-0.36198,0.24563,0
0.46817,-0.029753,-0.68141,0
0.26856,-0.70296,0.34366,0
0.1328,-0.42709,-0.69595,0
0.021796,0.047727,0.82561,0
0,0,0.82727,0
-0.43304,0.65088,0.27057,0
0.33397,-0.7313,0.19504,0
-0.61452,-0.48326,-0.27057,0
0.73076,-0.40659,0.01327,0
-0.52403,-0.19073,-0.62331,0
-0.28638,-0.43044,0.65743,0
0.73375,0.29375,-0.27355,0
-0.78089,-0.024789,0.29849,0
-0.36576,-0.73799,0.14523,0
0.27163,0.15113,-0.77645,0
0.097885,0.21434,0.80249,0
0.13868,-0.78651,0.24833,0
-0.60999,0.22202,0.52737,0
-0.35063,0.079194,0.75517,0
-0.26121,-0.75472,-0.24833,0
-0.28722,-0.3774,-0.68889,0
-0.32113,-0.76667,0.092701,0
0.42962,0,0.71759,0
-0.59577,0.018912,0.58669,0
0.42616,-0.054387,-0.71759,0
-0.25456,-0.057495,0.7946,0
-0.23196,-0.11958,-0.7946,0
-0.23873,0.48169,-0.64069,0
-0.17075,0.81606,-0.066282,0
-0.14261,-0.68157,0.46328,0
-0.16372,-0.59217,0.56748,0
0.64001,-0.41131,-0.34744,0
-0.15809,0.09465,-0.81581,0
-0.55848,-0.49966,0.3714,0
0.50353,0.23968,0.62331,0
-0.40153,-0.064249,-0.73086,0
-0.042178,0.15256,0.82125,0
0.018005,-0.019493,0.83594,0
-0.64099,0.10257,-0.52737,0
-0.024634,0.30987,0.77645,0
0.21355,-0.39857,0.70359,0
0.15202,0.14495,-0.80956,0
0.23035,-0.1696,0.78592,0
-0.64353,0.44304,-0.29849,0
0.13426,-0.43178,-0.70359,0
0,0,0.83636,0
-8.1172e-18,-1.021e-16,-0.83636,0
0.39932,0.29402,-0.6735,0
0.32175,0.60052,-0.48514,0
-0.33277,-0.57638,0.50651,0
-0.65274,-0.3908,0.34744,0
0.79155,0.15256,0.22287,0
-0.33381,-0.031875,0.7662,0
-0.57454,0.054862,0.6053,0
-0.48846,0.49627,-0.46328,0
-0.43584,0.50299,-0.50651,0
-0.60648,-0.17808,-0.5477,0
-0.46854,-0.36847,-0.58669,0
0.56474,0.47387,0.39499,0
-0.60574,0.54194,-0.19718,0
-0.013228,0.83363,0.066282,0
-0.68567,0.35349,-0.32313,0
0.36393,0.44796,-0.6053,0
-0.10665,-0.74175,-0.3714,0
-0.21229,0.31908,0.74339,0
0.66897,-0.12893,0.48514,0
0.52421,-0.49983,0.41818,0
0.73375,-0.29375,0.27355,0
0.13245,-0.16303,0.80956,0
0.2223,0.31218,-0.74339,0
0.070612,0.40046,0.73086,0
0.73128,0.093326,-0.39499,0
0.24581,0.79052,-0.11903,0
0.020423,0.18312,0.81581,0
0.71068,-1.7407e-16,0.44095,0
-0.012988,-0.81853,-0.17129,0
-0.065483,-0.045082,-0.83258,0
-0.072832,0.031875,0.83258,0
0.80132,-0.20791,0.11903,0
0.0058795,-0.052719,0.83468,0
-0.38571,0.66807,0.32313,0
-0.44339,-0.45048,0.5477,0
-0.32276,0.77055,-0.039796,0
0.12555,-0.041234,-0.82586,0
0.34739,-0.76069,-0.01327,0
0.28769,-0.75304,-0.22287,0
0.72285,0.045939,-0.41818,0
0.68868,0.44259,0.17129,0
0.061415,-0.086245,0.82963,0
-0.4925,-0.21554,0.64069,0
-0.0086791,0.025077,-0.83594,0
0.19696,0.81187,0.039796,0
0.052939,-0.0033644,-0.83468,0
0.26144,0.42137,0.6735,0
0.19418,-0.80044,-0.14523,0
0.25363,0.66388,-0.44095,0
0.0246,0.51642,-0.65743,0
0.25829,-0.12294,-0.78592,0
0.80457,0.20876,-0.092701,0
0.069671,-0.11229,0.82586,0
0.31858,0.10463,-0.7662,0
-0.069335,-0.080017,-0.82963,0
0.0075314,-0.1581,-0.82125,0
-0.37208,0.4889,-0.56748,0
0.2439,0.26406,-0.75517,0
-0.3728,0.29317,0.68889,0
0.62263,-0.52245,0.19718,0
-0.033534,0.23323,-0.80249,0
0.69824,0.089108,-0.46831,0
-0.50106,0.25831,0.63009,0
-0.50394,-0.512,0.44575,0
0.62343,0.20476,-0.5331,0
-0.60115,0.26309,0.5331,0
-0.25831,0.74634,-0.30173,0
0.47489,-0.26422,-0.64766,0
0.050663,-0.45427,-0.71124,0
0.78479,0.31418,0.013414,0
0.12321,-0.50789,0.66457,0
0.20038,0.12878,-0.81121,0
-0.70071,0.06691,0.46831,0
-0.61233,0.54783,-0.19932,0
0.079372,-0.45014,0.71124,0
0.072564,0.034541,-0.84163,0
0.42644,-0.08219,0.72539,0
0.23771,-0.015107,0.81121,0
0.75561,-0.35967,0.12032,0
0.25075,-0.80641,-0.040228,0
0.39803,-0.74288,0.067002,0
-0.17872,-0.052476,-0.82468,0
0.20822,0.54501,0.61188,0
-0.80866,0.23744,-0.067002,0
0.39331,-0.37502,0.64766,0
0.38128,0.71162,-0.25103,0
0.17891,0.57538,0.59307,0
-0.2273,-0.17875,0.79447,0
0.704,-0.45243,-0.12032,0
-0.77207,-0.28101,0.19932,0
-0.75409,-0.072007,-0.37544,0
0.56149,-0.6079,-0.17315,0
0.16635,0.20476,0.80324,0
-0.059059,0.74288,-0.39928,0
-0.13905,0.16047,0.81836,0
0.16266,0.13649,-0.81836,0
-0.1042,0.72473,0.42273,0
0.43353,0.46937,0.55365,0
-0.83982,0.026659,-0.093709,0
-0.50362,-0.58121,-0.35121,0
-0.65625,0.14822,-0.51202,0
0.011143,0.0244,-0.84503,0
-0.47918,-0.015211,-0.69638,0
-0.035596,-0.12875,0.83483,0
0.72134,-0.18716,0.39928,0
0.61001,0.44914,0.37544,0
-0.27579,-0.55647,-0.57365,0
0.063099,0.35785,-0.76338,0
-0.31226,0.46934,-0.63009,0
-0.75939,0.12151,0.35121,0
-0.61297,0.48205,0.32664,0
-0.14713,-0.70318,-0.44575,0
-0.75077,0.27326,-0.27652,0
-0.13191,-0.22847,-0.80324,0
-0.78749,-0.17786,0.25103,0
0.78452,0.1512,0.27652,0
0.75035,-0.24644,0.30173,0
0.68005,-0.50071,0.040228,0
0.039376,0.8266,0.17315,0
0.48739,-0.68444,0.093709,0
-0.41631,0.72106,0.14681,0
0.25031,-0.5481,-0.59307,0
1.0354e-16,-2.536e-32,-0.84545,0
0.014143,0.022793,0.84503,0
-0.35333,-0.46427,-0.61188,0
-0.1128,0.14822,0.82468,0
0.68144,0.37914,-0.32664,0
-0.11003,-0.07575,-0.83483,0
-0.56792,-0.29278,-0.55365,0
-0.2481,0.14854,-0.79447,0
0.47557,-0.060691,0.69638,0
-0.010674,-0.6727,0.51202,0
0,0,0.84545,0
-0.20191,-0.48205,-0.66457,0
0.011863,0.10637,0.83865,0
-0.59088,-0.35376,-0.49041,0
0.062082,0.087183,-0.83865,0
0.50027,0.031793,-0.68082,0
0.60259,0.57457,-0.14681,0
0.62424,-0.5238,0.22529,0
-0.039726,-0.4997,0.68082,0
-0.016459,0.078662,0.84163,0
-0.6712,0.46209,-0.22529,0
-0.22525,-0.65081,0.49041,0
-0.27176,0.2761,-0.75147,0
0.014951,-0.31387,-0.78489,0
0.14854,-0.059467,-0.83018,0
0.84535,0,-0.013414,0
-0.023812,0.048045,0.84375,0
-0.37657,-0.16481,0.7388,0
0.25919,-0.31904,-0.7388,0
0.12097,-0.31665,-0.77453,0
0.079915,0.32941,0.77453,0
-0.23995,0.57284,0.57365,0
-0.19511,0.70571,-0.42273,0
-0.23418,-0.20951,0.78489,0
-0.42884,-0.068619,-0.72539,0
-0.029702,-0.044644,-0.84375,0
-0.0061466,0.38736,0.75147,0
0.19158,-0.30877,0.76338,0
0.15488,0.040185,0.83018,0
-0.11888,0.17868,0.82716,0
-0.73088,0.43758,-0.067723,0
0.44413,0.62369,0.37948,0
0.22365,0.71927,0.40358,0
0.66326,0.48835,-0.22771,0
-0.46416,0.20314,-0.68814,0
-0.53859,-0.32246,0.57982,0
0.032121,-0.1033,-0.84767,0
0.68001,-1.6656e-16,0.51752,0
-0.2601,0.058745,-0.81188,0
0.057035,-0.091922,0.84767,0
-0.55154,-0.49345,-0.42727,0
-0.29347,0.38561,-0.70387,0
-0.07479,-0.11241,0.84381,0
-0.3898,-0.037222,0.75955,0
0.12191,0.058031,-0.84381,0
-0.32812,-0.78334,0.094716,0
0,0,0.85455,0
-0.78197,-0.34223,0.040661,0
0.025135,0.52765,0.67172,0
-0.42722,0.73996,0.013558,0
-0.076331,-0.027782,0.85068,0
-0.048759,-0.33913,-0.78286,0
0.087362,-0.78334,0.33015,0
0.36928,-0.23732,-0.73319,0
0.66134,0.2172,0.49568,0
0.047361,-0.026351,-0.85282,0
0.24755,0.099103,0.81188,0
-0.16229,-0.58701,-0.59944,0
-0.61986,0.099184,-0.57982,0
-0.0076883,0.48452,0.70387,0
0.15226,-0.62762,-0.55961,0
-0.34505,0.27135,0.73319,0
-0.47701,-0.48464,-0.51752,0
-0.3524,0.10347,0.77159,0
0.43648,-0.36625,-0.63686,0
0.041519,0.034838,0.85282,0
0.41237,-0.3932,0.63686,0
0.2896,0.46675,0.65462,0
0.32551,-0.10691,0.78286,0
-0.1125,0.53765,-0.65462,0
0.78819,0,-0.33015,0
-0.051181,-0.64379,0.55961,0
-0.11071,0.40045,0.74674,0
-0.64026,-0.44079,0.35499,0
0.31347,-0.33938,-0.71889,0
0.20027,0.24651,-0.79333,0
-0.10691,-0.21571,-0.81993,0
0.68012,-0.32374,-0.40358,0
-0.048266,0.60711,0.59944,0
0.18754,0.10435,-0.82716,0
0.036986,-0.77644,-0.35499,0
0.77652,-0.31087,-0.17502,0
0.019623,0.01871,0.85412,0
-0.17008,-0.81285,0.20147,0
-0.57062,0.51052,-0.37948,0
-0.75869,-0.39113,-0.040661,0
0.14421,-0.81784,-0.20147,0
-0.68895,0.47431,0.17502,0
0.23671,-0.61958,0.53884,0
0.027058,0.0017196,-0.85412,0
0.50335,-0.61958,-0.30498,0
-0.46354,-0.36453,0.61846,0
0.46304,-0.65025,0.30498,0
-0.026568,-0.076762,-0.85068,0
0.70286,0.18237,0.45054,0
-0.25643,0.29593,-0.75955,0
0.72467,-0.046054,-0.45054,0
0.14614,0.82878,0.14839,0
-0.35573,-0.61615,-0.47335,0
0.05855,0.52499,-0.67172,0
-1.6604e-18,-1.0464e-16,-0.85455,0
-0.072735,0.17365,-0.83355,0
0.57799,0.62577,0.067723,0
0.044385,0.18296,0.83355,0
-0.28509,-0.064391,-0.80301,0
-0.57241,0.58156,0.25373,0
0.58559,0.37634,-0.49568,0
-0.8156,0.02589,-0.25373,0
0.38138,0.71181,-0.27949,0
-0.39865,-0.11705,-0.74674,0
0.58496,0.074652,-0.61846,0
-0.55954,-0.64574,-0.013558,0
0.70574,-0.090067,0.47335,0
0.31323,-0.58463,-0.53884,0
0.59595,-0.43879,0.42727,0
0.085922,0.2249,0.81993,0
0.45365,0.087434,0.71889,0
0.78166,-0.20281,0.27949,0
-0.2823,0.14553,0.79333,0
-0.36267,-0.058031,-0.77159,0
-0.50437,0.048162,0.68814,0
-0.51225,-0.67309,0.12161,0
-0.79081,0.28783,-0.14839,0
0.067182,-0.14711,0.8391,0
0.83056,-0.16008,-0.12161,0
-0.095593,0.2762,0.80301,0
-0.11722,0.81526,0.22771,0
-0.071816,0.1449,-0.8391,0
0.3528,0.77253,-0.094716,0
-0.28073,-0.81111,0.095724,0
0.69467,-0.51148,0.041093,0
-0.36652,-0.058648,0.7798,0
0.24136,0.030802,-0.82865,0
0.13399,0.025824,-0.85279,0
0.26085,-0.06768,-0.82052,0
0.12668,-0.050715,0.85279,0
-0.62036,0.55502,0.23014,0
-0.48752,0.046552,0.71136,0
0,0,0.86364,0
-0.17579,0.84012,-0.095724,0
-0.10411,-0.24856,0.82052,0
-0.11944,-0.83075,-0.20361,0
-0.59298,-0.60246,-0.17688,0
0.83241,-2.0388e-16,-0.23014,0
-0.059274,0.74558,0.43182,0
0.84363,-0.053614,0.17688,0
-0.33515,-0.5805,0.54457,0
-0.17393,0.62909,-0.56556,0
-0.50974,-0.048674,-0.69546,0
-0.66189,0.10591,-0.54457,0
-0.14528,-0.074894,-0.84803,0
-0.19017,0.0060368,0.84242,0
-0.47452,0.24463,-0.67886,0
0.095423,0.85562,0.068443,0
-0.085998,-0.411,-0.75469,0
-0.49426,-0.64945,-0.28247,0
-0.64171,0.3842,-0.43182,0
0.07719,-0.14407,0.84803,0
0.24487,-0.7875,0.25643,0
0.034539,-0.042514,-0.8619,0
0.28146,0.52533,-0.62504,0
0.12486,-0.70811,0.47839,0
0.18989,0.012068,-0.84242,0
0.65269,0,0.56556,0
-0.11412,0.27245,-0.81155,0
0.64966,0.47834,0.30822,0
-0.34608,-0.010986,0.79118,0
-0.34362,-0.69333,-0.38351,0
-9.9387e-17,3.6174e-17,-0.86364,0
0.74637,0.24513,0.35877,0
0.39864,-0.55982,-0.52303,0
-0.25694,0.74238,-0.35877,0
0.31681,-0.34299,0.72654,0
-0.014596,-0.052795,0.8619,0
-0.47784,-0.71822,-0.041093,0
-0.079004,0.54948,0.66158,0
0.71838,0.2876,0.38351,0
-0.21157,0.047785,0.83596,0
-0.78694,-0.17774,-0.30822,0
-0.42526,0.73657,-0.14997,0
0.14051,-0.57918,0.62504,0
-0.36254,0.15866,0.76763,0
0.32451,-0.52301,-0.60582,0
-0.59058,0.17341,0.60582,0
0.78998,0.20497,0.28247,0
0.14769,0.83759,0.14997,0
-0.38421,0.50485,0.58599,0
0.077974,-0.69916,-0.50096,0
-0.39829,0.59865,-0.47839,0
-0.071596,-0.082626,0.85669,0
0.41231,-0.079466,0.75469,0
-0.054464,-0.68509,0.52303,0
0.47733,0.51678,0.50096,0
0.31226,-0.20068,-0.7798,0
-0.64825,0.50979,-0.25643,0
0.77186,0.36741,0.12291,0
0.37321,0.23984,-0.74099,0
0.66262,-0.31541,-0.45533,0
-0.43876,-0.1597,-0.72654,0
0.28049,0.15606,-0.80177,0
0.20344,0.44548,-0.71136,0
0.30725,-0.80423,-0.068443,0
0.16483,0.5301,-0.66158,0
0.041088,0.86255,-0.013702,0
0.15698,0.14968,-0.83596,0
0.42148,-0.13843,0.74099,0
0.0013038,-0.02737,-0.8632,0
-0.012638,-0.79648,0.33366,0
-0.71127,-0.48967,0.013702,0
0.44112,0.37015,0.64364,0
-0.47431,0.32654,-0.64364,0
0.095538,-0.053156,-0.85669,0
-0.68345,-0.40918,-0.33366,0
-0.534,0.54254,-0.40787,0
-0.25916,0.29908,-0.76763,0
-0.67195,-0.52843,-0.12291,0
0.83254,-0.10625,0.20361,0
0.28147,0.45364,0.67886,0
0.019831,-0.018909,0.8632,0
0.051764,0.063717,-0.85973,0
-0.60872,-0.17874,-0.58599,0
0.2619,0.68553,0.45533,0
0.10108,-0.22133,0.82865,0
-0.33805,0.68208,0.40787,0
-0.38162,-0.34142,0.69546,0
0.062888,-0.052769,0.85973,0
0.17134,0.24061,0.81155,0
-0.0054937,0.34621,-0.79118,0
0.075674,0.31193,0.80177,0
-0.4793,0.32998,0.65041,0
-0.018104,-0.052307,0.87097,0
-0.29715,-0.13005,-0.81021,0
0,0,0.87273,0
-0.12406,-0.86287,0.041526,0
0.34342,-0.28816,0.74879,0
0.19036,0.61219,-0.59215,0
0.82307,0.052307,0.28544,0
-0.27413,-0.41203,-0.71885,0
0.3895,-0.72696,-0.28544,0
0.040025,-0.84022,0.23256,0
-0.23592,0.069271,0.83738,0
0.088967,-0.065505,0.86571,0
0.66784,-0.42919,0.36254,0
0.26951,-0.12829,-0.8201,0
-0.085381,0.17227,-0.85128,0
-0.20499,0.74145,-0.41216,0
-0.74686,0.32686,-0.31146,0
-0.033627,-0.42298,-0.76263,0
0.44827,0.14723,-0.73418,0
0.80522,0.32236,0.096732,0
-0.83324,0.1882,0.17874,0
-0.11831,0.070832,-0.86176,0
-0.29484,0.23187,0.78801,0
0.14694,-0.47257,0.71885,0
0.61698,-0.078739,0.6122,0
-0.010698,-0.02554,-0.87229,0
-0.12983,-0.1021,-0.85696,0
0.039179,0.073124,0.86878,0
0.097413,-0.55246,0.66855,0
-0.015723,0.10936,-0.86571,0
0.70518,0.089995,-0.50623,0
0.5145,0.49058,0.50623,0
0.097187,0.25439,-0.82915,0
0.53864,0.58316,-0.36254,0
0.59191,0.32933,-0.5503,0
-0.37007,-0.74669,-0.25913,0
0.46692,-0.6557,0.33717,0
-0.17692,0.84553,0.1242,0
-0.58448,-0.21273,-0.6122,0
0.052297,0.46892,0.73418,0
0.68297,0.50286,0.20575,0
0.10415,0.12819,0.85696,0
0.27399,0.59996,0.57151,0
-0.32029,0.051249,0.81021,0
-0.031693,0.39865,-0.77571,0
-0.1345,-0.030379,0.86176,0
0.57898,0.48582,0.43636,0
0.67456,-0.27005,0.48342,0
-0.72463,0.37357,0.31146,0
0.42432,-1.0393e-16,0.76263,0
-0.28454,0.82213,0.069164,0
0.86823,-0.055178,-0.069164,0
0.32628,-0.40161,0.70278,0
-0.44267,-0.070832,-0.74879,0
-0.70792,-0.48737,-0.15155,0
-0.041252,-0.036907,-0.87097,0
-0.59494,0.60445,-0.20575,0
0.15153,0.85936,0.013847,0
0.21918,0,0.84476,0
0.72818,-0.14034,0.46012,0
-0.51207,0.59096,-0.38755,0
-0.21907,-0.0069542,-0.84476,0
-0.80132,0.076517,-0.33717,0
-0.0085594,0.53942,-0.68601,0
0.81656,-0.26818,0.15155,0
-0.14949,-0.54069,-0.66855,0
0.18467,-0.48337,-0.70278,0
0.40284,0.56571,-0.52853,0
5.6349e-17,9.0817e-17,-0.87273,0
0.23741,-0.25704,-0.79951,0
-0.2561,-0.15333,0.8201,0
-0.32055,0.55521,0.59215,0
-0.64641,0.57832,-0.096732,0
0.65607,0.31229,-0.48342,0
-0.30113,-0.52156,-0.63162,0
-0.71154,-0.20893,-0.46012,0
0.76177,-0.42384,-0.041526,0
-0.77842,-0.07433,0.38755,0
-0.76888,0.024407,0.41216,0
-0.3336,0.50142,0.63162,0
-0.45479,-0.52486,0.52853,0
-0.17068,-0.8157,0.25913,0
0.19776,-0.31873,-0.78801,0
-0.2119,-0.27844,0.79951,0
0.0065281,-0.026909,0.87229,0
0.73409,0.47177,-0.013847,0
-0.47515,-0.48275,0.5503,0
-0.50942,0.66937,-0.23256,0
-0.81175,0.29545,-0.1242,0
0.18611,0.048288,0.85128,0
0.081459,0.0157,-0.86878,0
-0.0063449,-0.39986,0.77571,0
-0.10521,0.25118,0.82915,0
0.094681,-0.84896,-0.17874,0
0.17795,-0.16967,-0.83738,0
0.035963,0.75495,-0.43636,0
0.13719,0.5655,-0.65041,0
-0.47951,-0.24721,0.68601,0
0.63842,-0.16565,-0.57151,0
-0.47849,0.62873,-0.39159,0
-0.43675,0.19114,0.74183,0
0.87109,0.055359,0.1255,0
-0.84514,-0.24816,0.041959,0
-0.53343,-0.70092,-0.041959,0
0.025974,-0.010398,0.88137,0
0.15644,-0.11519,0.86015,0
0.010538,0.22122,-0.85355,0
0.28654,0.094109,0.82864,0
0.30328,-0.42589,-0.7101,0
0.21041,-0.069105,0.85355,0
0.86143,0.10994,-0.15313,0
0.43047,-0.2049,-0.74183,0
-0.59357,0.13406,0.6382,0
0.76368,0,0.44091,0
-0.43642,-0.50366,-0.57747,0
0.43935,-0.70809,-0.28841,0
0.25043,0.65551,-0.53404,0
0.37824,-0.024038,0.79622,0
-0.73085,-0.069788,0.48846,0
-0.067357,-0.84726,0.23498,0
0.76583,-0.4261,-0.097739,0
-0.25027,-0.59748,0.59832,0
0.16154,0.041913,-0.86588,0
-0.13659,0.3261,0.80784,0
-0.53864,-0.23573,-0.65719,0
0.52763,-0.1369,0.69316,0
-0.58899,-0.46319,-0.46492,0
0.59543,0.49963,-0.41646,0
0.24845,0.11826,-0.83779,0
-0.42565,0.15492,-0.75659,0
-0.62562,0.05974,-0.61857,0
-0.42497,0.73606,-0.23498,0
-0.013947,-0.87893,0.069884,0
-0.36785,0.22023,0.77058,0
0.67891,-0.086642,0.55603,0
-0.30145,-0.0095691,-0.82864,0
-0.041911,-0.072592,-0.87783,0
-0.8462,-0.1354,-0.2079,0
0.52622,0.21067,0.67551,0
0.71983,0.4005,-0.31471,0
0.22248,0.71551,0.46492,0
-0.30075,0.30556,-0.77058,0
0.16786,-0.36756,-0.78379,0
-0.013221,0.83321,0.28841,0
-0.051769,0.18725,-0.86015,0
-0.58884,-0.52682,0.39159,0
0.86055,-0.16586,0.097739,0
-9.5987e-17,-4.9485e-17,-0.88182,0
0.62467,0.59562,-0.1806,0
-0.11158,0.0035418,-0.87472,0
-0.44432,0.66783,-0.36632,0
0.078657,0.44609,0.75659,0
0.68904,0.1328,0.53404,0
0.087854,0.10814,0.87074,0
-0.094843,-0.65965,0.57747,0
-0.42903,-0.25686,-0.72633,0
0.33924,-0.63315,0.5115,0
0.46345,0.74695,-0.069884,0
-0.034179,-0.16335,0.86588,0
0.011623,0.02545,-0.88137,0
0.22293,-0.2744,-0.80784,0
-0.32746,0.37791,0.72633,0
0.60428,0.38835,-0.5115,0
-0.24013,-0.6938,-0.48846,0
0.15311,-0.86831,-0.013991,0
-0.025973,0.32671,0.81865,0
-0.50123,0.34507,-0.6382,0
-0.10099,-0.3653,-0.79622,0
0.45041,-0.37794,0.65719,0
-0.77407,-0.28174,0.31471,0
-0.24233,-0.054733,0.8461,0
0.64778,-1.5866e-16,-0.59832,0
0.095264,-0.39268,0.78379,0
-0.5978,0.53484,0.36632,0
0.1867,-0.20213,0.83779,0
0.16185,-0.52052,-0.69316,0
-0.46643,-0.70107,0.26183,0
-0.73274,0.21515,-0.44091,0
-0.055226,0.0088368,-0.88004,0
0.040066,-0.8411,-0.26183,0
0.13363,0.55084,-0.67551,0
0,0,0.88182,0
0.5287,-0.33977,0.61857,0
-0.011929,0.082969,0.87783,0
-0.64023,-0.44077,0.41646,0
0.2372,-0.22617,-0.81865,0
-0.38564,0.7781,0.15313,0
-0.60834,0.31362,-0.55603,0
-0.28838,0.83321,0.013991,0
-0.078307,-0.079559,0.87472,0
0.094984,0.85168,0.2079,0
-0.19528,0.15357,-0.8461,0
0.049724,-0.13015,-0.87074,0
0.65497,0.48224,-0.34069,0
0.5063,0.711,-0.1255,0
0.38412,0.71693,0.34069,0
0.037948,0.041085,0.88004,0
0.095667,-0.85781,0.1806,0
-0.23217,-0.46846,0.7101,0
-0.80377,0.35177,0.1547,0
0.0053664,0.11265,-0.88374,0
0.73809,-0.47434,-0.1547,0
-0.064224,0.80785,-0.3701,0
0.59168,0.64058,-0.18246,0
-0.41521,-0.32653,-0.71742,0
-0.76198,-0.4562,0.070605,0
0.6817,0.57202,-0.042391,0
-0.068548,0.47676,-0.74948,0
0.14109,-0.17366,-0.86235,0
0,0,0.89091,0
-0.024148,-0.30375,-0.83718,0
0.77898,-0.099412,0.42075,0
-0.19197,0.11494,0.86235,0
-0.34034,0.17546,0.80443,0
0.10315,-0.58501,-0.66396,0
-0.082093,0.23719,-0.85482,0
-0.54122,0.54988,0.44545,0
0.50042,-0.27843,0.68248,0
-0.014048,0.88531,0.098747,0
-0.056935,0.2721,0.84643,0
0.84389,0.1077,0.26453,0
-0.027698,-0.080029,-0.88687,0
0.16556,-0.031909,-0.87481,0
-0.36065,0.41621,0.7003,0
0.79825,-1.9551e-16,0.39562,0
0.67018,0.49344,-0.31795,0
0.35498,-0.57212,0.58342,0
-9.9952e-17,-4.3743e-17,-0.89091,0
0.089578,-0.23447,0.85482,0
0.80557,0.20902,0.31795,0
0.12861,-0.41362,-0.77852,0
0.070376,-0.63103,-0.62495,0
-0.52159,0.083461,0.71742,0
0.58651,0.55924,0.3701,0
-0.10204,-0.36906,-0.80443,0
-0.25098,0.17279,0.83718,0
0.27313,0.33619,0.77852,0
0.15,0.48242,-0.73382,0
0.057498,0.32609,0.82709,0
0.88007,-0.05593,0.12679,0
0.24678,0.64594,0.56177,0
0.22878,0.50096,-0.7003,0
0.67827,-0.56914,-0.098747,0
-0.11227,0.010721,0.88374,0
-0.03751,0.13568,0.87972,0
-0.47558,-0.62491,-0.42075,0
0.44716,-0.17902,0.74948,0
0.8908,0,0.014135,0
0.26411,-0.086743,-0.84643,0
-0.38302,-0.5757,-0.56177,0
-0.087495,-0.60854,-0.64478,0
-0.032718,0.078111,0.88687,0
0.65314,0.041508,0.60449,0
-0.33665,-0.5831,-0.58342,0
0.75658,0.42095,-0.21004,0
-0.3345,-0.79857,0.21004,0
0.30908,0.57687,-0.60449,0
-0.12853,-0.14834,-0.86902,0
-0.76186,-0.12191,-0.44545,0
0.30192,0.48661,-0.68248,0
0.17722,0.084359,0.86902,0
-0.18244,-0.87191,-0.014135,0
-0.59058,-0.60002,-0.29139,0
-0.35701,0.011333,0.81617,0
-0.85826,-0.027245,0.2374,0
-0.18128,0.36578,-0.79187,0
0.098436,0.88263,-0.070605,0
0.7816,0.31291,0.29139,0
-0.20322,-0.41004,-0.76439,0
0.79624,-0.37901,-0.12679,0
-0.45517,0.68415,-0.3442,0
0.38499,0.24742,0.76439,0
0.40178,-0.74988,-0.26453,0
-0.38362,0.13963,0.79187,0
0.57772,-0.55085,-0.39562,0
-0.13506,0.039658,-0.87972,0
-0.013038,-0.82163,0.3442,0
0.001345,-0.028235,0.89046,0
0.48103,-0.52079,0.53954,0
0.084211,-0.34712,-0.81617,0
0.30813,-0.67471,-0.49349,0
-0.2526,0.43751,0.73382,0
-0.58395,-0.40202,-0.53954,0
-0.24677,-0.22078,-0.82709,0
0.20245,0.83449,-0.2374,0
0.016396,-0.023025,-0.89046,0
-0.044416,0.034929,-0.88912,0
0.72834,0.14038,0.49349,0
-0.16446,0.037146,0.87481,0
0.84407,-0.21901,0.18246,0
-0.042111,0.037676,0.88912,0
-0.70788,-0.15988,0.51678,0
-0.85385,-0.25071,0.042391,0
-0.67287,-0.34689,-0.46971,0
0.60324,0.19812,0.62495,0
-0.72243,-0.068983,-0.51678,0
0.43912,0.61666,0.46971,0
-0.37233,0.48923,0.64478,0
-0.55821,-0.20317,0.66396,0
-0.25354,0.17455,0.84572,0
0.31128,0.6816,-0.49853,0
0.8165,0.26817,-0.26723,0
0.093185,-0.83555,-0.3212,0
-0.18042,0.86225,-0.18433,0
-0.41462,0.37095,-0.70745,0
-0.00772,-0.48652,0.75713,0
0.17177,-0.55242,-0.68944,0
0.45211,0.6349,-0.45,0
0.26639,0.85671,0.071325,0
0.020372,0.053323,0.89819,0
0.068838,0.61724,0.65136,0
0.077246,0.036769,-0.89592,0
0.75803,0.42176,0.23983,0
0.564,0.69423,0.099754,0
-0.082085,0.024102,0.89592,0
-0.4122,-0.013085,-0.79995,0
-0.56994,-0.50991,-0.4745,0
-0.48885,0.21394,0.72474,0
-0.88858,-0.14218,0.014279,0
0,0,0.9,0
-0.23229,-0.10166,0.86354,0
-0.25037,0.040063,-0.86354,0
0.23625,-0.15183,0.85506,0
-0.017293,-0.022723,0.89955,0
0.046746,0.19269,-0.87789,0
0.36478,-0.44901,0.68944,0
-0.27817,0.48181,0.70745,0
0.71619,0,-0.54505,0
-0.41054,-0.039201,0.79995,0
-0.29255,0.84526,-0.099754,0
0.22603,-5.5362e-17,-0.87115,0
0.65581,0.083694,-0.61066,0
0.71373,0.52551,-0.15628,0
-0.0187,-0.021581,-0.89955,0
-0.41506,-0.62386,0.49853,0
0.11187,-0.021562,0.89276,0
-0.31861,-0.21935,-0.81263,0
-0.1166,-0.42176,-0.78646,0
-0.2212,0.8001,0.34771,0
-0.34767,0.83001,-0.014279,0
0.83694,-0.27488,0.18433,0
0.46138,-0.029321,0.77219,0
0.46113,-0.7432,0.21218,0
0.59526,-0.075967,-0.67074,0
-0.067402,-0.84783,0.29436,0
0.59437,-0.3307,-0.58937,0
0.59707,-0.501,0.45,0
-1.0575e-16,-3.1052e-17,-0.9,0
-0.16515,-0.7893,-0.39966,0
0.42072,-0.78523,0.12808,0
0.010755,0.22578,0.87115,0
-0.18528,0.27849,-0.83553,0
-0.27498,-0.79449,0.3212,0
-0.33203,-0.79268,0.26723,0
-0.13669,-0.2758,-0.84572,0
-0.89853,0.028523,0.042824,0
-0.79744,-0.41111,-0.071325,0
0.092662,-0.52551,-0.72474,0
0.61674,0.39635,-0.52205,0
0.51833,0.49422,0.54505,0
0.4738,-0.18968,-0.74131,0
0.35432,0.068289,0.8245,0
-0.86353,0.082457,-0.23983,0
-0.57012,0.29392,0.63133,0
-0.75042,0.44928,-0.21218,0
-0.12985,0.14985,0.87789,0
0.84879,0.053942,-0.29436,0
0.16036,-0.661,0.58937,0
0.42456,0.79241,-0.042824,0
-0.099411,-0.69142,-0.5675,0
0.31793,-0.83218,-0.12808,0
-0.33188,-0.1987,0.81263,0
0.42525,-0.59718,0.52205,0
-0.42304,0.55586,0.5675,0
0.42355,0.1099,0.78646,0
-0.64352,-0.50607,0.37387,0
0.055252,-0.014336,-0.89819,0
-0.51969,0.40869,0.61066,0
0.024693,0.14004,-0.88869,0
-0.31432,0.1144,0.83553,0
0.50013,-0.36824,-0.65136,0
-0.62174,0.63168,0.15628,0
-0.1129,0.78523,-0.42504,0
0.7163,-0.34096,0.42504,0
-0.16614,0.037525,0.88374,0
-0.26648,0.53768,0.67074,0
0.34628,0.3749,0.74131,0
-0.005725,0.36079,-0.8245,0
0.34009,-0.74469,-0.37387,0
-0.80972,-0.18288,-0.34771,0
0.036388,-0.76389,0.4745,0
0.0898,0.14473,-0.88374,0
-0.60274,-0.21938,-0.63133,0
0.74863,0.29971,0.39966,0
0.21513,0.18051,-0.85506,0
-0.036638,0.46086,-0.77219,0
0.082457,-0.078623,-0.89276,0
-0.24329,-0.42139,-0.75713,0
0.096485,-0.10446,0.88869,0
0.25613,0.12192,0.8637,0
0.18892,0.77873,-0.42934,0
-0.10558,-0.50458,-0.7488,0
-0.71378,0.56133,0.043256,0
-0.35279,0.61106,0.57323,0
0.65587,-0.62537,-0.072045,0
-0.40324,-0.81362,-0.043256,0
0.036756,0.7716,-0.4793,0
-0.11769,-0.81852,-0.37765,0
-0.52807,-0.1922,-0.71459,0
0.49643,0.61106,0.45455,0
-0.25867,-0.38879,-0.77998,0
-0.12822,0.11472,0.89266,0
0.8129,0.051661,0.4037,0
-0.80935,-0.35421,0.21433,0
-0.55189,-0.49376,-0.52732,0
-0.10066,0.48107,-0.76478,0
0.50826,0.71375,0.24225,0
0.52356,0.49922,0.55055,0
0.31951,-0.83632,-0.15786,0
-0.20828,-0.36076,-0.80803,0
0.7421,-0.41289,0.32444,0
-0.77518,-0.4641,0.10076,0
0.68341,-0.3253,-0.50356,0
0.51064,0.28411,0.6964,0
0.42783,0.11101,-0.79441,0
-0.71942,0.43072,-0.35122,0
0.10684,0.042772,0.90178,0
-0.47158,-0.13847,0.76478,0
0.18036,-0.25327,-0.85427,0
0.0027435,-0.057593,0.90726,0
-0.40365,0.81444,0.014424,0
-0.60193,0.17674,-0.65794,0
-0.30032,-0.15482,0.84397,0
-0.36991,0.556,-0.61683,0
-0.33191,-0.79239,-0.29733,0
0.60724,-0.15756,0.65794,0
0.13124,-0.42206,0.79441,0
-0.20979,0.75883,-0.45455,0
0.62205,-0.45801,0.4793,0
0.054779,0.017991,-0.90726,0
-0.23365,-0.16086,-0.8637,0
0.10848,-0.13353,-0.89266,0
-0.74015,0.023495,0.52732,0
0.38758,0.049463,0.82084,0
0.096218,0.86274,0.26993,0
0.57965,-0.073975,-0.6964,0
-0.13498,0.049127,-0.89767,0
0.24333,-0.079918,-0.87227,0
0.25612,-6.2731e-17,0.87227,0
-0.5738,0.6622,-0.24225,0
-0.88302,-0.028031,-0.21433,0
0.54505,-0.35028,-0.6377,0
0.024265,0.015594,-0.90863,0
0.88716,-0.17099,-0.10076,0
0.034779,-0.19724,-0.88675,0
-0.05659,-0.065308,-0.90497,0
0.63347,0.53155,0.37765,0
0.17305,0.37893,0.80803,0
0.14747,0.83632,-0.32444,0
-0.86796,0.19604,-0.18619,0
-0.22073,-0.29004,-0.83283,0
-0.014277,-0.89972,-0.12938,0
0.75619,-0.30273,-0.4037,0
0.69632,-0.58428,-0.014424,0
0.20978,-0.86474,0.18619,0
-0.71503,0.49226,-0.26993,0
0.25181,0.65912,-0.57323,0
-0.054448,-0.68488,-0.59533,0
-0.18042,0.43072,0.77998,0
-0.56865,-0.44719,-0.55055,0
0.31464,0.23166,-0.82084,0
0.42497,0.79316,0.12938,0
-0.51482,0.22531,0.71459,0
0.21097,-0.2284,0.85427,0
-0.01028,0.64782,0.6377,0
-0.11933,0.82997,0.35122,0
-0.6514,-0.14713,0.61683,0
-0.45837,0.6023,0.50356,0
-0.32396,0.16702,0.83283,0
-0.17629,-0.50936,0.73206,0
0.52927,0.10201,-0.73206,0
0,0,0.90909,0
-0.048038,0.60425,0.67751,0
0.89528,0,0.15786,0
-0.22545,0.036074,0.87995,0
0.019571,0.021188,0.90863,0
0.067792,0.21802,-0.87995,0
-0.26209,0.75725,0.42934,0
0.075729,0.12205,0.89767,0
-0.4252,-0.432,-0.67751,0
0.51447,-0.032696,0.7488,0
0.012756,-0.11437,-0.90178,0
-0.19777,-0.031645,0.88675,0
0.035898,-0.078605,0.90497,0
-0.090035,-0.32566,-0.84397,0
-0.6357,0.64587,0.072045,0
0.40572,-0.75725,0.29733,0
-1.1083e-16,-1.0583e-17,-0.90909,0
0.36223,-0.5838,0.59533,0
0.43835,0.084485,0.80235,0
0.039145,0.82175,0.40773,0
0.69872,-0.51446,0.30031,0
0.22874,0.029192,-0.88875,0
-0.046773,-0.58834,0.70337,0
-0.10644,-0.74032,-0.5326,0
-0.14151,-0.031961,-0.90665,0
-0.18519,-0.88507,0.15944,0
0.2653,-0.32655,-0.81611,0
0.51249,0.24394,-0.72174,0
-0.32719,-0.78113,0.35474,0
0.14176,0.31042,-0.85241,0
0.020577,-0.084818,0.91402,0
0.43358,-0.80923,0.014568,0
0.88248,-0.17008,0.18805,0
-0.60453,-0.096731,0.68429,0
-0.50342,-0.75667,0.13067,0
-0.71475,-0.31281,-0.48409,0
0.050888,0.028314,0.91633,0
0.13138,0.34389,0.84115,0
-0.012937,0.026102,0.91772,0
-0.83479,-0.026499,0.38143,0
-0.38437,0.57773,0.60128,0
-0.48769,-0.43632,-0.64408,0
-0.25465,-0.13128,-0.87234,0
0.77538,0.31042,-0.38143,0
-0.87556,-0.25709,-0.10177,0
-0.83161,-0.30268,-0.24467,0
0.27095,0.87137,0.10177,0
0.49467,0.16246,-0.75628,0
0.18747,0.77275,-0.45909,0
0.48203,0.59333,-0.5086,0
0.052277,-0.46874,-0.78778,0
0.77155,0.49584,-0.043689,0
-0.10398,0.72322,-0.55606,0
0.84867,-0.2202,-0.27263,0
0.51869,-0.56156,0.5086,0
0.15225,-0.86345,0.27263,0
-0.33971,0.032438,0.85241,0
0.34975,-0.11487,-0.84115,0
-0.59407,0.60357,-0.35474,0
-0.0082608,-0.5206,0.75628,0
0.28794,-0.40436,-0.77242,0
-0.34696,-0.60095,-0.60128,0
-0.24685,-0.19412,0.86281,0
0.3134,-0.019917,-0.86281,0
0.72431,-0.28997,0.48409,0
-0.072025,0.90598,-0.13067,0
-0.014157,0.89219,0.21647,0
0.14084,-0.36864,-0.82905,0
0.24405,0.34272,0.81611,0
-0.26471,0.76482,0.43363,0
-0.42793,0.33652,0.73938,0
-0.77307,0.28137,-0.40773,0
-0.044907,0.10721,0.91079,0
-0.15666,0.20585,0.88099,0
-0.14151,0.031961,0.90665,0
-0.19409,0.05699,-0.89562,0
0.1569,-0.074684,-0.90159,0
-9.2618e-17,-6.3763e-17,-0.91818,0
-0.30886,0.35645,0.78778,0
0.16164,-0.51985,-0.73938,0
0.099612,0.89318,-0.18805,0
-0.88454,0.028079,0.24467,0
-0.43158,-0.56709,-0.57896,0
0.62229,0.67372,0.043689,0
-0.3865,-0.44604,-0.70337,0
0.26321,-0.57636,-0.66452,0
-0.78531,0.47017,-0.072766,0
0.85599,0.0544,0.32769,0
0.29924,0.48229,0.72174,0
-0.50267,0.44973,-0.623,0
0.66468,0.55774,-0.30031,0
0,0,0.91818,0
-0.39284,-0.037512,0.82905,0
-0.047967,0.033023,-0.91633,0
-0.26471,-0.76482,-0.43363,0
-0.45903,0.79507,-0.014568,0
-0.11487,-0.23178,-0.88099,0
0.63341,0.16435,0.64408,0
0.18569,0.13672,0.88875,0
0.73065,-1.7896e-16,0.55606,0
0.12988,0.73657,0.5326,0
-0.030974,-0.11203,-0.91079,0
0.51576,-0.49178,0.57896,0
0.086577,-0.011049,-0.91402,0
0.030149,-0.6329,0.66452,0
0.15105,-0.24345,0.87234,0
-0.18275,0.87339,-0.21647,0
0.69486,-0.38661,0.45909,0
0.28913,0.53964,-0.68429,0
0.14618,-0.093946,0.90159,0
0.70116,-0.58834,0.072766,0
-0.028766,0.0046029,-0.91772,0
-0.59951,0.30907,0.623,0
-0.34822,-0.35379,0.77242,0
0.1464,0.13959,0.89562,0
-0.11896,0.43028,-0.80235,0
-0.73591,-0.44059,-0.32769,0
0.90423,0,-0.15944,0
-0.88501,0.028094,-0.27533,0
-0.80276,-0.35132,0.30328,0
0.92529,0.058804,0.014712,0
-0.45275,0.6805,0.43792,0
0.10736,0.60888,-0.69106,0
0.31425,0.50647,0.71033,0
0.21028,0.10009,0.89755,0
0.11319,0.29626,0.87135,0
0.54666,0.52124,-0.53787,0
0.72455,-0.13965,-0.56157,0
-0.47171,0.28241,0.74671,0
0.27752,0.20434,-0.86085,0
-0.92017,0.087866,-0.073486,0
-0.049046,0.34112,0.86085,0
-0.65306,-0.58427,-0.30328,0
-0.17698,0.35709,0.83726,0
0.25045,-0.80544,0.3852,0
-0.1474,0.70444,0.58469,0
-0.094634,0.27343,-0.88098,0
-0.26468,-0.53405,-0.71033,0
0.087965,-0.0055904,0.92307,0
-0.59012,-0.68103,-0.21861,0
-0.29054,0.12715,-0.87135,0
-0.62288,0.32112,-0.60723,0
0.17558,-0.3277,0.84948,0
0.08655,0.016681,-0.92307,0
-0.90164,0.20365,0.073486,0
-0.59168,0.60114,-0.3852,0
-0.71348,-0.49119,0.33093,0
-0.35985,0.62328,-0.58469,0
0.47549,0.51479,0.60723,0
0.081786,0.73334,0.56157,0
0.49019,0.41131,0.6711,0
0.62691,-0.59775,-0.33093,0
-0.86598,-0.31519,0.10278,0
-0.83426,-0.18843,0.35825,0
0.48193,-0.67677,0.41177,0
0.038891,0.81642,-0.43792,0
0.23395,0.75239,0.48888,0
-0.35498,0.31759,-0.79558,0
-0.26006,-0.024833,-0.88971,0
0.76354,0.49069,0.18991,0
0.69708,-0.33181,-0.51363,0
-0.20128,0.72802,0.53787,0
-0.90631,-0.14502,-0.13196,0
0.18244,-0.22457,0.88098,0
0.12278,-0.19789,-0.89755,0
0.57749,-0.32131,-0.65046,0
0.0055854,-0.11725,-0.91981,0
-0.15274,-0.55248,0.72889,0
-0.38601,-0.66859,0.51363,0
-0.43013,-0.25752,-0.78007,0
-0.52752,-0.15489,-0.74671,0
-0.070829,0.89093,-0.24709,0
0.025709,0.014304,0.92681,0
-0.58281,-0.59213,-0.41177,0
0.51529,-0.3794,-0.6711,0
-0.14644,-0.0046485,-0.91563,0
-0.0093028,-0.11702,0.91981,0
-0.40769,0.11971,-0.82419,0
-0.72806,0.57255,-0.044121,0
-0.024233,0.016683,-0.92681,0
0.058338,0.0074451,0.92541,0
0.3259,-0.85305,0.16102,0
-0.90631,0.14502,0.13196,0
0.34015,-0.36827,0.78007,0
0.82972,-0.33217,0.24709,0
-0.34209,-0.8167,0.27533,0
0.21837,0.90011,0.044121,0
-0.038513,0.044447,-0.92541,0
0.28297,-0.61961,0.62916,0
0,0,0.92727,0
0.40369,-0.13258,0.82419,0
0.089008,-0.79809,-0.46364,0
-0.012741,-0.80294,0.46364,0
0.36878,-0.047064,-0.84948,0
0.49611,0.69669,-0.35825,0
1.1356e-16,-2.7814e-32,-0.92727,0
-0.0027843,0.17547,-0.91052,0
-0.1174,-0.56105,-0.72889,0
-0.074832,-0.52047,0.76377,0
0.57399,0.22979,0.69106,0
-0.62101,0.22603,0.65046,0
0.87225,0.22632,0.21861,0
0.20429,0,-0.90449,0
0.36488,-0.30617,0.79558,0
-0.11516,-0.090567,0.91563,0
-0.27303,0.35876,0.8103,0
0.11828,-0.67082,-0.62916,0
0.16986,-0.044073,0.91052,0
0.76822,-0.49371,-0.16102,0
-0.81911,-0.42228,-0.10278,0
0.49957,0.16407,-0.76377,0
0.38515,0.84337,-0.014712,0
0.2513,0.30932,-0.83726,0
-0.10093,0.24096,0.88971,0
-0.11316,-0.17008,0.90449,0
0.10629,-0.43813,-0.8103,0
-0.54966,-0.72225,-0.18991,0
0.37212,0.69452,-0.48888,0
0.93625,0,-0.014856,0
-0.41576,-0.83887,0.014856,0
-3.0557e-17,1.1053e-16,-0.93636,0
-0.15966,-0.76306,0.51867,0
-0.27456,0.09993,0.88961,0
-0.064265,0.80836,0.46818,0
-0.57257,0.3428,0.65684,0
-0.10875,0.51972,0.77126,0
-0.1017,-0.06089,-0.92883,0
0.35007,0.4309,-0.75403,0
0,0,0.93636,0
-0.13929,0.10954,-0.91944,0
0.20256,0.039041,-0.91336,0
0.085818,0.12051,-0.9246,0
-0.5646,-0.12752,0.73603,0
-0.85511,-0.37424,0.074207,0
0.18348,-0.29571,0.86929,0
-0.58571,-0.4606,-0.56707,0
0.74257,-0.54674,-0.1626,0
-0.59316,0.30579,-0.65684,0
-0.85792,-0.25191,-0.27803,0
-0.40319,-0.14675,-0.83227,0
-0.23767,0.35723,0.83227,0
0.88681,-0.29126,-0.074207,0
-0.58288,0.40128,-0.61319,0
-0.53504,-0.5436,0.54314,0
0.020584,0.11674,0.92883,0
-0.154,0.17773,0.90635,0
-0.31329,-0.74795,-0.46818,0
-0.67094,0.15154,0.63533,0
-0.93483,-0.029675,0.044554,0
-0.34583,-0.51981,0.69784,0
0.82148,0.32887,0.30625,0
0.13359,-0.063587,0.9246,0
0.18067,-0.4729,0.78772,0
0.086154,0.022354,-0.93212,0
0.029709,-7.2766e-18,-0.93589,0
-0.51263,-0.45863,-0.63533,0
0.016559,0.34762,-0.86929,0
-0.06541,-0.82276,-0.44222,0
0.82381,-0.15878,0.41581,0
0.3519,0.65679,0.56707,0
0.33212,0.86931,0.10378,0
0.066712,0.59817,-0.7173,0
-0.6165,0.098646,-0.69784,0
-0.1489,0.43022,0.81824,0
0.85086,-0.34063,-0.19177,0
0.028226,0.0092702,0.93589,0
-0.012102,-0.76264,-0.54314,0
0.088508,-0.36483,0.85781,0
0.041611,-0.3731,-0.85781,0
-0.11605,-0.13392,0.91944,0
0.63305,0.60361,-0.33418,0
-0.44013,-0.57832,-0.59043,0
0.56925,-0.6163,-0.41581,0
0.45434,-0.028874,-0.81824,0
0.46152,-0.64812,0.49367,0
0.75924,-0.48793,0.24952,0
0.068183,0.057213,0.93212,0
0.27213,-0.87518,0.19177,0
-0.40062,0.038255,0.84547,0
0.23469,0.014915,-0.90635,0
0.50128,0.23861,0.75403,0
0.59532,0.38259,0.61319,0
-0.44064,0.19284,-0.80338,0
0.37491,0.82095,-0.24952,0
0.028639,-0.6012,0.7173,0
0.20209,-0.16957,0.89843,0
0.90265,0.1152,0.22076,0
0.84667,-0.21968,0.33418,0
0.46765,-0.4459,0.67768,0
-0.14609,-0.25303,-0.88961,0
-0.57155,-0.091455,-0.73603,0
-0.00094225,0.05938,-0.93448,0
-0.2248,0.45358,-0.78772,0
-0.045577,0.317,0.87989,0
0.27985,0.15571,-0.87989,0
-0.24964,0.59599,-0.67768,0
0.2194,0.90436,-0.10378,0
-0.24698,-0.89332,-0.13326,0
-0.85792,0.25191,0.27803,0
-0.48185,0.63315,-0.49367,0
0.58976,-0.72593,-0.044554,0
0.40226,-0.75077,-0.38898,0
0.75471,-0.41991,-0.36176,0
-0.052786,-0.027213,0.93448,0
-0.74952,-0.51601,-0.22076,0
-0.85132,0.027024,0.38898,0
0.32408,0.23861,-0.84547,0
-0.30314,-0.87586,0.13326,0
-0.46107,0.7986,0.1626,0
0.47712,-0.06089,0.80338,0
0.45534,0.73387,0.36176,0
-0.11746,-0.81696,0.44222,0
-0.20536,-0.019609,0.91336,0
-0.39572,0.35404,-0.77126,0
0.36759,-0.8049,-0.30625,0
0.1262,-0.71571,0.59043,0
0.52896,0.57268,-0.51867,0
0.078329,0.25191,-0.89843,0
-0.25953,0.52366,0.74318,0
0.35726,0.7823,0.39276,0
-0.071548,0.89998,0.28072,0
0.6279,-0.6798,-0.19364,0
0.12567,-0.080763,0.93358,0
-0.8608,0.37673,0.10479,0
0.48767,0.46499,-0.66321,0
0.027849,0.011149,0.94498,0
-0.26987,-0.54452,0.72426,0
-0.78359,-0.074824,0.52371,0
-0.23238,-0.84051,-0.36527,0
-0.2194,0.15105,0.90716,0
-0.26833,0.6406,0.6415,0
0.38669,0.72172,-0.47273,0
-0.70698,-0.25732,0.57258,0
0.26474,-0.49411,-0.76135,0
-0.44492,-0.19472,-0.81118,0
0.76125,0.5605,0.015001,0
-0.058522,0.16909,-0.92837,0
0.20787,-0.013211,0.92222,0
0.058042,-0.01506,-0.94355,0
-0.78364,0.17699,0.49847,0
0.52369,-0.73541,-0.28072,0
0,0,0.94545,0
0.5123,0.71943,-0.33742,0
0.42356,0.68265,-0.49847,0
-0.13413,0.93289,0.074927,0
0.027085,0.012893,-0.94498,0
-0.32287,0.28887,0.84035,0
0.089148,0.011377,0.94117,0
-0.59139,0.46508,-0.57258,0
0.082843,-0.34148,-0.87773,0
0.64124,-0.35678,-0.59616,0
-0.3614,0.5432,0.68426,0
-0.63923,0.64946,-0.25194,0
-0.79413,-0.4094,0.30923,0
-0.68453,0.3529,0.54842,0
0.15956,0.13389,-0.92222,0
-0.9194,0.14711,-0.16418,0
-0.8696,0.31651,0.19364,0
-0.1904,0.68869,-0.61914,0
-0.19166,-0.91599,-0.13455,0
0.4254,-0.08199,-0.84035,0
0.53204,-0.44643,-0.6415,0
-0.81027,-0.48511,0.044987,0
-0.014773,0.93097,0.16418,0
-0.52812,-0.69394,0.36527,0
0.18602,0.22897,0.89825,0
-0.1098,0.52476,-0.77875,0
-0.33473,0.3863,-0.79537,0
0.044529,0.93477,0.13455,0
0.28296,-0.20834,0.87773,0
0.36689,-0.80338,0.33742,0
-0.41282,-0.47642,0.70461,0
-0.2337,-0.67523,0.61914,0
0.042715,-0.11181,0.93785,0
-0.059693,0.0057,0.94355,0
-0.67348,0.021379,0.66321,0
-0.033793,-0.23503,-0.91515,0
0.55556,0.60147,0.47273,0
-0.25462,-0.38271,0.82618,0
0.065823,-0.3733,0.86614,0
-0.22984,-0.39809,-0.82618,0
0.14328,0.5906,-0.72426,0
-0.042488,-0.53444,0.77875,0
0.101,0.90565,0.25194,0
0.27281,0.87737,0.2229,0
0.099029,-0.88795,-0.30923,0
-0.3347,-0.23043,-0.85368,0
0.018036,-0.37863,-0.86614,0
-0.083958,-0.085301,-0.93785,0
-0.1438,0.18895,0.91515,0
0.84712,0,0.41984,0
0.29197,-0.13898,0.88844,0
0.46141,-0.15154,0.81118,0
-0.086231,-0.02532,-0.94117,0
0.21351,-0.20358,-0.89825,0
0.57935,-0.71313,-0.2229,0
-0.010002,-0.63032,-0.70461,0
0.22867,-0.73541,-0.54842,0
-0.24099,-0.21561,-0.88844,0
-0.67537,0.40434,-0.52371,0
-0.94391,-0.029963,-0.044987,0
-0.25558,0.44267,0.79537,0
0.81997,0.21275,-0.41984,0
0.43938,-0.70814,-0.44651,0
-0.72459,-0.11594,0.59616,0
-0.7386,-0.58084,-0.10479,0
0.17893,-4.3825e-17,0.92837,0
1.1369e-16,2.1912e-17,-0.94545,0
0.72824,0.40518,0.44651,0
-0.9043,0.26553,-0.074927,0
0.85828,0.054546,-0.39276,0
0.61986,0.20358,-0.68426,0
0.40308,-0.051441,0.85368,0
-0.21657,-0.51704,0.76135,0
0.54258,-0.21721,-0.74318,0
-0.14571,-0.032911,-0.93358,0
0.046254,0.26232,-0.90716,0
0.79527,0.51109,-0.015001,0
0.25057,0.16103,-0.90689,0
0.27064,-0.87039,-0.28342,0
-0.17621,0.039799,-0.9373,0
-0.89687,-0.32643,-0.015145,0
0.47673,0.45456,-0.69084,0
0.22714,-0.59455,0.71139,0
0.80017,-0.20761,-0.47727,0
-0.4084,-0.038998,-0.86188,0
0.19279,-0.42216,0.83413,0
0.31109,-0.58062,0.69084,0
-0.33043,0.78886,0.42388,0
0.18704,-0.30146,0.88617,0
0.83743,-0.33526,-0.3122,0
0.25869,-0.31842,0.86188,0
-0.35031,-0.056054,-0.88617,0
-0.24844,-0.71781,0.57808,0
-0.91576,0.26889,0.015145,0
-0.1653,0.13,0.93109,0
-0.54056,-0.23657,-0.75032,0
-0.66748,0.67816,-0.075648,0
0.14961,0.019093,0.94256,0
-0.54536,-0.28115,0.73122,0
0.5939,0.1541,-0.73122,0
0.22162,0.91355,0.16576,0
-0.50958,0.081539,-0.80301,0
-0.22028,-0.79677,0.47727,0
0.2831,0.91047,-0.045419,0
-0.92717,-0.029432,-0.22504,0
0.43588,-0.32093,-0.78624,0
0.9013,-0.29601,-0.1058,0
0.095243,0.1535,0.9373,0
-0.30682,-0.31173,-0.84843,0
-0.41679,-0.48101,-0.71139,0
-0.56339,0.053798,-0.76867,0
-0.30392,0.35074,-0.83413,0
0.80947,0.051443,-0.50326,0
-0.35215,-0.84072,0.28342,0
-0.6471,0.57895,-0.39653,0
0.098833,-0.88619,0.34066,0
-0.93004,-0.21006,0.045419,0
1.0852e-16,4.3447e-17,-0.95455,0
-0.44021,0.66166,0.52874,0
-0.84285,0.36887,0.25436,0
0,0,0.95455,0
-0.0038036,0.2397,-0.92395,0
0.0232,0.019467,-0.95406,0
0.30918,0.38057,-0.81898,0
-0.012913,0.089812,0.95022,0
-0.019801,0.057211,0.95262,0
0.041078,0.044473,-0.95262,0
0.73873,0.24262,-0.55369,0
0.51607,-1.264e-16,0.80301,0
0.63394,-0.68634,-0.1955,0
0.044729,-0.93898,-0.16576,0
-0.23903,0.12323,0.91588,0
0.93435,-0.18008,0.075648,0
0.22817,-0.19145,0.90689,0
0.37042,0.81111,-0.34066,0
-0.061621,-0.7751,0.55369,0
-0.024179,0.087455,-0.95022,0
0.32647,0,-0.89698,0
0.87866,-0.05584,0.36878,0
0.12865,-0.72961,0.60189,0
0.76393,0.56247,0.1058,0
-0.3021,-0.60954,-0.66959,0
0.035557,-0.14657,-0.94256,0
-0.40555,0.70243,0.50326,0
0.51102,-0.24325,0.76867,0
-0.10267,-0.71405,-0.62509,0
-0.30678,0.11166,0.89698,0
-0.51796,0.68059,-0.42388,0
-0.0095764,0.12046,-0.94687,0
0.026571,0.23826,0.92395,0
-0.18843,-0.90053,-0.25436,0
0.044957,0.94376,0.13585,0
0.75875,0.42216,0.39653,0
-0.10368,0.062072,0.94687,0
0.19318,0.50564,0.78624,0
-0.72882,-0.214,-0.57808,0
-0.011755,-0.74077,-0.60189,0
-0.41193,0.83116,0.22504,0
-0.2716,-0.40823,0.81898,0
0.84361,0.40156,0.1955,0
0.37579,0.072428,-0.87447,0
0.48805,0.68537,-0.4508,0
0.046699,0.26484,-0.91588,0
0.89479,-0.11419,0.3122,0
-0.75539,-0.45226,-0.36878,0
-0.34382,-0.27038,0.84843,0
0.021919,-0.0209,0.95406,0
-0.3607,-0.62475,0.62509,0
-0.15673,-0.14022,-0.93109,0
0.40674,-0.57118,-0.64767,0
0.82564,-0.45937,-0.13585,0
0.27867,0.52011,0.75032,0
-0.56035,0.38577,0.66959,0
-0.16277,0.77788,-0.52874,0
-0.70085,0.022248,0.64767,0
-0.31523,-0.21702,0.87447,0
0.70782,-0.45489,0.4508,0
-0.23607,0.053319,-0.93275,0
-0.43547,0.50256,-0.69742,0
0.5203,-0.5633,-0.58359,0
0.69191,-0.22724,0.63105,0
0.93263,0.24198,-0.015289,0
0.35743,0.022715,0.89461,0
0.010102,-0.21206,0.93996,0
-0.025954,-0.18051,-0.94622,0
0.23307,0.74956,0.55896,0
0.15565,0.29051,0.90552,0
-0.53317,0.80139,0.045852,0
-0.75509,-0.59381,0.076368,0
0.17326,0.056905,0.94622,0
0.59568,-1.459e-16,-0.75747,0
-0.059273,-0.74557,0.60762,0
-0.012991,-0.81872,-0.50805,0
-0.015272,0.96242,-0.045852,0
-0.026232,-0.015705,0.96315,0
-0.88837,-0.0282,-0.3723,0
-0.41229,0.039369,0.87009,0
-0.31197,-0.90137,0.13714,0
-0.74146,-0.51046,-0.34391,0
-0.60259,-0.69542,-0.28612,0
0.84846,-0.22014,-0.40031,0
-0.48956,-0.17819,0.81066,0
-0.3618,0.86376,0.22719,0
-0.84897,0.02695,0.4551,0
0.24513,-0.11668,-0.9246,0
0.25731,-0.56344,-0.73819,0
0.085038,0.034044,0.95927,0
0.54534,-0.034657,-0.79372,0
0.12809,0.082316,0.95153,0
-0.26726,-0.13778,0.91552,0
0.16721,0.43766,-0.84207,0
0.52098,0,-0.81066,0
-0.55149,0.72465,-0.31517,0
0.88166,0.11252,0.3723,0
0.4927,0.6919,-0.4551,0
-0.28532,-0.5757,-0.71816,0
-0.49863,-0.74946,0.34391,0
3.504e-17,-1.1269e-16,-0.96364,0
-0.36371,0.25039,-0.85651,0
-0.12485,-0.45158,0.84207,0
0.69312,-0.66089,0.10681,0
-0.21111,-0.50401,0.79372,0
0.63735,-0.081339,0.71816,0
-0.013577,0.027394,-0.96315,0
0.63929,-0.53643,-0.48182,0
-0.8992,-0.14388,0.31517,0
0.94039,-0.18125,-0.10681,0
0,0,0.96364,0
-0.21379,0.77329,-0.53378,0
0.21897,0.90261,0.25678,0
0.6761,-0.27067,-0.63105,0
0.021183,-0.12014,0.95588,0
0.31297,0.17413,-0.89461,0
0.65375,0.70779,0.015289,0
0.044233,0.042176,0.9617,0
0.035452,-0.049785,-0.9617,0
0.34041,-0.89102,-0.13714,0
-0.64347,-0.5757,-0.42792,0
-0.23398,-0.30744,-0.8828,0
-0.28239,0.81593,0.42792,0
0.1143,-0.21333,0.93275,0
0.07846,0.70352,0.65384,0
-0.15705,-0.75057,0.58359,0
-0.55976,0.20373,0.75747,0
-0.65691,-0.66742,-0.22719,0
0.15979,0.9062,0.28612,0
-0.91056,0.26736,0.16733,0
0.048942,-0.43884,0.85651,0
0.68884,-0.44269,0.50805,0
-0.29295,0.15102,-0.90552,0
-0.76567,-0.17293,-0.55896,0
0.41931,0.51613,0.69742,0
0.39861,-0.29349,0.82678,0
-0.4644,-0.80436,-0.25678,0
-0.70294,0.6289,0.19736,0
0.04488,0.94214,-0.19736,0
-0.081311,0.56553,0.77599,0
-0.023829,0.29974,-0.91552,0
0.70586,0.51972,0.40031,0
-0.26049,-0.076487,0.9246,0
0.39905,0.8738,-0.076368,0
-0.53984,0.42454,-0.67597,0
0.14603,-0.60195,0.73819,0
-0.1068,0.10851,-0.95153,0
-0.078591,0.047053,-0.95927,0
0.51588,0.24556,-0.77599,0
0.37937,0.073117,0.8828,0
-0.084824,0.40539,-0.87009,0
-0.48878,0.07821,-0.82678,0
0.16263,0.13646,-0.93996,0
0.36209,-0.58357,0.67597,0
-0.11176,-0.048909,-0.95588,0
-0.86938,0.38048,-0.16733,0
0.37321,0.6015,-0.65384,0
0.50589,-0.6227,0.53378,0
-0.37396,0.64772,-0.60762,0
0.72926,-0.40575,0.48182,0
-0.014235,0.89709,-0.37581,0
-0.80031,-0.55097,-0.046284,0
-0.03748,-0.47145,-0.85002,0
0.089024,0.19494,0.94883,0
0.47605,-0.58597,0.61336,0
-0.10945,0.056426,-0.9649,0
-0.58653,0.13247,-0.76462,0
0.10015,-0.56798,0.78331,0
-0.51451,-0.77334,-0.28882,0
-0.77224,0.53165,-0.25921,0
0.093371,-0.83722,-0.48636,0
-0.24044,0.69471,-0.637,0
-0.56257,-0.12706,-0.78331,0
-0.29327,-0.29796,0.8783,0
-0.02426,0.019078,-0.97224,0
-0.68455,0.10954,0.68234,0
-0.82281,0.078569,-0.51285,0
0.32965,0.5313,0.74515,0
0.42347,-0.13908,-0.86459,0
0.84991,-0.47288,-0.015433,0
0.81821,-0.52583,0.015433,0
-0.77706,-0.22816,0.53881,0
0.22983,-0.73915,-0.58909,0
0.26344,-0.42458,-0.83458,0
0.043668,-0.081502,0.96832,0
-0.90456,-0.086375,-0.34715,0
-0.31922,0.09373,0.91406,0
0.1551,-0.14789,-0.94883,0
0.40493,0.75577,0.45939,0
-0.030847,-0.053429,-0.97077,0
0.47485,-0.22603,-0.81831,0
0.018557,-0.38955,-0.89112,0
0,0,0.97273,0
0.80096,0.51475,0.19922,0
-0.28544,-0.1709,-0.91406,0
0.20594,0.22297,0.92416,0
-0.78868,0.47219,0.31815,0
-0.83244,-0.36431,0.34715,0
0.84905,0.4724,0.046284,0
0.44573,-1.0917e-16,0.86459,0
0.36206,-0.7928,-0.43196,0
-0.48277,0.72563,0.43196,0
-0.10588,0.25277,-0.93332,0
2.8085e-17,1.1577e-16,-0.97273,0
-0.096795,-0.07612,0.9649,0
0.54293,0.25844,0.76462,0
0.46439,0.089504,0.85002,0
-0.13967,-0.33346,-0.90305,0
-0.5296,0.53807,-0.61336,0
0.12376,0.091125,-0.96051,0
-0.79196,-0.02514,0.56424,0
0.44418,-0.32704,-0.80121,0
0.33979,-0.88941,-0.19922,0
0.23647,0.061355,0.94155,0
-0.26943,-0.24105,0.90305,0
-0.47897,0.82961,0.16891,0
-0.73467,-0.37875,0.51285,0
0.52167,-0.066574,0.81831,0
-0.4082,-0.82362,-0.31815,0
-0.69291,0.021996,-0.68234,0
-0.056519,0.024735,0.97077,0
0.034,0.71375,-0.66,0
-0.16597,0.21808,0.93332,0
-0.51833,-0.18866,0.80121,0
0.19139,0.23558,-0.92416,0
-0.13219,0.91941,0.28882,0
-0.42473,-0.49017,0.72494,0
0.087847,0.028852,-0.96832,0
-0.09553,-0.66443,-0.704,0
-0.0029208,-0.18407,-0.95515,0
0.53204,0.5073,0.637,0
0.64532,0.54149,0.48636,0
0.9434,-0.059955,-0.22933,0
-0.70558,-0.1129,0.66,0
0.18409,0,0.95515,0
0.22622,-0.31768,0.89112,0
-0.23578,-0.85283,-0.40409,0
0.62318,0.24948,0.704,0
-0.12806,-0.612,-0.74515,0
-0.25657,0.92801,-0.13843,0
0.88304,0.056119,0.40409,0
0.64998,-0.7037,-0.16891,0
0.28588,0.91941,0.13843,0
0.011014,0.02883,0.97224,0
0.64337,0.082106,-0.72494,0
0.38277,-0.32118,0.83458,0
0.77804,-0.14996,-0.56424,0
0.14171,0.199,-0.94155,0
0.93575,-0.24279,0.10782,0
-0.074916,0.94233,0.22933,0
-0.19799,0.94624,-0.10782,0
-0.66865,0.59822,0.37581,0
0.22861,-0.94233,0.077089,0
-0.25317,-0.73149,0.58909,0
-0.25319,-0.33269,-0.8783,0
-0.88101,0.32066,0.25921,0
-0.53035,0.61205,-0.53881,0
-0.4306,0.86882,-0.077089,0
0.095034,0.85213,-0.45939,0
0.14268,-0.057122,0.96051,0
0.29353,-0.47308,0.8087,0
0.014577,-0.30601,-0.9328,0
-0.75545,-0.52009,0.3504,0
0.2568,0.10281,0.94205,0
-0.1904,-0.55011,-0.79063,0
0.94632,-2.3178e-16,0.26163,0
0.6847,-0.50414,-0.49091,0
0.28489,0.27164,0.89945,0
-0.061989,0.0059192,-0.97984,0
-0.881,-0.32066,-0.29152,0
0.91046,-0.36449,-0.046717,0
0.6057,0.038493,-0.77176,0
0.86381,0.16648,0.43599,0
0.26889,0.86474,0.37932,0
-0.016594,-0.060019,0.97984,0
0.47352,0.06043,0.85796,0
0.5525,0.4636,0.66617,0
0.45628,0.73538,-0.46368,0
-0.37546,0.89637,-0.13973,0
-0.61559,0.13904,0.75212,0
0.058848,0.072436,0.97737,0
0.15508,-0.87953,0.40786,0
-0.56102,-0.56999,0.56951,0
-0.73117,-0.21469,-0.61909,0
0.38947,0.85282,0.29152,0
0.82585,0.53074,-0.015577,0
-0.6092,0.54504,-0.54385,0
0.033307,-0.087182,-0.97737,0
-0.14098,-0.33657,-0.91149,0
0.29344,0.16327,0.92261,0
-0.58557,-0.76942,-0.17049,0
0,0,0.98182,0
-0.0062455,-0.39359,-0.89945,0
0.046061,-0.14813,0.96949,0
-0.77895,0.3409,0.49091,0
0.20551,-0.067494,-0.95769,0
-0.68717,0.47308,-0.51764,0
0.27661,0,-0.94205,0
0.37973,0.53326,0.73171,0
0.59851,-0.50221,0.5946,0
-0.097699,0.076831,0.97392,0
-0.14331,0.6849,0.68872,0
0.19531,-0.092967,0.95769,0
0.079168,0.32634,-0.92261,0
0.65205,0.70595,-0.20108,0
-0.91616,0.1466,0.32112,0
0.046772,0.41938,-0.88651,0
-0.69657,-0.066514,-0.68872,0
-0.88039,-0.3853,0.20108,0
-0.31555,0.54655,-0.75212,0
-0.43155,-0.87075,0.13973,0
0.90059,-0.17357,-0.3504,0
-0.50162,0.75396,-0.37932,0
0.371,-0.81239,-0.40786,0
-0.022077,0.15355,-0.96949,0
-0.47316,-0.81954,-0.26163,0
0.31395,0.82177,-0.43599,0
-0.014725,0.18523,-0.96408,0
0.06727,-0.60318,0.77176,0
0.52562,0.2502,0.79063,0
0.69812,0.18114,-0.66617,0
-0.62813,0.18444,-0.73171,0
-0.41101,-0.61777,0.64295,0
-0.32011,0.9249,-0.077809,0
0.79816,-0.050724,-0.56951,0
-0.015138,0.95402,-0.23147,0
-0.050502,-0.24135,-0.95035,0
-0.34761,0.40116,-0.82596,0
0.95023,-0.24655,0.015577,0
0.39314,-0.21874,0.87267,0
-0.94216,-0.15076,0.23147,0
-0.97824,0.031053,0.077809,0
-0.12316,-0.85662,0.46368,0
-0.72378,-0.16347,-0.64295,0
-0.25597,0.26007,0.91149,0
0.14963,0.11017,0.96408,0
0.37848,-0.24323,-0.87267,0
0.2446,-0.031215,0.95035,0
-0.031135,-0.00098836,0.98132,0
-0.59093,0.77648,-0.10882,0
-0.14145,0.51162,0.82596,0
0.087577,0.49668,0.84238,0
-0.36205,0.21676,0.88651,0
0.022545,-0.021497,-0.98132,0
0.91863,0.30171,0.17049,0
-0.064781,-0.81486,0.54385,0
5.7212e-18,1.201e-16,-0.98182,0
-0.43271,-0.25907,-0.84238,0
0.22544,0.42077,-0.85796,0
-0.50494,-0.45176,-0.71058,0
0.42722,-0.52586,0.71058,0
0.23121,-0.95306,0.046717,0
-0.65579,-0.51572,0.51764,0
0.37776,-0.40898,-0.8087,0
-0.8673,0.44712,0.10882,0
-0.87186,0.31733,-0.32112,0
0.44202,-0.62074,0.61909,0
-0.081393,-0.093933,-0.97392,0
-0.34695,0.70003,-0.5946,0
-0.2723,-0.14038,0.9328,0
-0.94969,-0.27886,-0.047149,0
0.4596,0.21877,-0.85018,0
-0.2934,-0.59199,-0.73849,0
-0.055968,0.70399,-0.6951,0
0.85815,-2.1019e-16,0.49545,0
-0.68071,0.065,-0.71715,0
0.64501,0.54123,-0.52243,0
-0.97834,0.15655,0.015722,0
-0.77646,-0.61061,-0.07853,0
0.84545,0.21936,0.46798,0
-0.21984,-0.79517,-0.54888,0
0.096094,-0.080632,-0.98294,0
-0.77862,-0.12459,0.6001,0
-0.020588,-0.02376,-0.99041,0
0.10637,-0.60323,0.77891,0
0.55662,0.53073,-0.62482,0
0.026737,0.56127,-0.81619,0
-0.17457,0.17736,0.95915,0
0.027473,0.015286,0.99041,0
0.65725,-0.31285,-0.67234,0
0.089465,-0.8022,-0.57478,0
-0.28123,-0.67139,0.67234,0
0.68905,-0.38338,-0.6001,0
-0.36598,-0.55009,0.73849,0
-0.73794,0.21668,0.62482,0
0.56605,-0.79491,-0.17207,0
-0.74243,0.51113,-0.41164,0
0.91056,0.36454,0.14102,0
-0.30627,-0.53047,-0.77891,0
0.74737,-0.047497,-0.64891,0
-0.667,-0.15065,0.71715,0
0.12663,0.17783,0.96656,0
0.15907,-0.51157,0.83361,0
-0.80116,0.41303,0.41164,0
0.04156,-0.87245,-0.46798,0
-0.23659,0.85575,0.44003,0
0.7454,-0.54883,-0.35364,0
0.78381,0.25743,0.54888,0
-0.13433,-0.080424,-0.97846,0
-0.83216,0.49822,0.20294,0
-0.18719,-0.8946,0.38283,0
0.89898,-0.29525,-0.29422,0
-0.18725,-0.24605,-0.94143,0
-0.25834,-0.26247,-0.91993,0
0.4091,0.89581,0.10983,0
0.97885,0.062208,-0.14102,0
-0.18912,0.38159,0.89472,0
-0.83231,-0.42909,0.32409,0
-0.10658,-0.74126,0.64891,0
0.21436,0.041315,-0.96656,0
-0.020555,-0.059391,0.98891,0
0.26836,0.43252,0.85018,0
0.42521,-0.40543,-0.79795,0
-0.012872,0.061515,-0.98891,0
0.086826,0.3579,0.91993,0
-0.3155,0.3641,0.86591,0
-0.69354,-0.47746,0.52243,0
7.6518e-17,-9.4186e-17,-0.99091,0
0.44727,-0.17906,-0.86591,0
-0.014862,-0.18694,-0.973,0
0.34827,0.91159,0.17207,0
-0.015279,-0.96286,0.23362,0
0.38126,-0.41277,0.81619,0
-0.088511,-0.032216,0.98642,0
0.21548,-0.88821,-0.38283,0
-0.43786,0.39174,0.79795,0
-0.8874,-0.02817,-0.44003,0
0.12095,-0.31659,0.93115,0
0.39409,0.050293,0.90778,0
0.33581,-0.54123,-0.75908,0
0.91821,-0.11718,0.35364,0
-0.29055,0.10575,0.94143,0
-0.048464,0.1157,0.98294,0
0.69345,-0.13365,0.6951,0
0.40528,0.75642,-0.49545,0
-0.090647,0.63046,0.75908,0
-0.22799,0.099778,-0.95915,0
0.34295,0.25251,-0.89472,0
0.10915,0.97874,-0.10983,0
-0.31238,0.90255,-0.26405,0
-0.13976,-0.12504,0.973,0
-0.39549,-0.037764,-0.90778,0
0.039129,-0.08568,-0.98642,0
-0.0084998,0.53566,-0.83361,0
0.073941,-0.138,0.97846,0
-0.44711,0.67203,0.57478,0
-0.57304,0.75297,0.29422,0
0.16842,0.95517,-0.20294,0
-0.13959,0.24177,0.95077,0
0.95613,-0.24808,0.07853,0
0.81011,-0.52062,-0.23362,0
-0.96547,0.21806,0.047149,0
0.38198,0.24548,0.88076,0
0.17603,0.21668,-0.95077,0
0.95508,0,0.26405,0
-0.35692,0.28068,-0.88076,0
-0.90767,-0.39724,-0.015722,0
0.22995,0.24896,-0.93115,0
0.27804,0.89418,-0.32409,0
0,0,0.99091,0
-0.66289,-0.6735,-0.32707,0
-0.088801,0.090222,0.99195,0
0.90421,-0.23461,0.35689,0
0.80802,-0.10312,0.58006,0
0.083652,-0.26903,-0.95949,0
0.18354,0.59028,-0.78605,0
0.81084,0.52109,-0.26647,0
0.083065,0.046216,-0.99547,0
-0.12393,-0.14303,-0.98193,0
-0.71433,-0.42767,0.55392,0
0.74967,0.095672,0.65486,0
-0.73768,0.65998,-0.14231,0
0.095989,0.86069,-0.5,0
0.63383,-0.68622,-0.35689,0
0.31141,-0.01979,-0.95007,0
0.51605,0.83171,0.20481,0
-0.026933,-0.18732,0.98193,0
-0.098208,0.68306,0.72373,0
-0.03841,0.05047,0.99799,0
-0.8527,0.51051,0.11084,0
-0.84875,-0.43756,0.29692,0
-0.47058,-0.20595,-0.85798,0
0.09165,0.1287,-0.98744,0
0.078626,0.2058,0.97543,0
-0.57743,-0.45409,-0.67851,0
0.65833,0.62772,0.41542,0
0.90869,0.36378,-0.20481,0
0.41415,0.34752,0.84125,0
-0.37733,0.76135,0.52723,0
0.38807,-0.18472,-0.90293,0
0,0,1,0
0.17345,0.98369,0.047582,0
0.10971,-0.98372,0.14231,0
-1.175e-16,3.4502e-17,-1,0
0.30657,-0.37736,0.87385,0
0.026982,-0.56642,0.82368,0
0.2294,-0.60046,-0.76604,0
-0.18547,0.53587,-0.82368,0
0.031726,0.66601,0.74526,0
-0.26644,-0.96372,-0.015866,0
-0.09703,-0.23165,0.96795,0
-0.01321,0.83247,-0.55392,0
-0.75708,-0.17099,0.63055,0
-0.19575,0.70803,0.67851,0
0.29929,0.22036,0.92837,0
-0.16298,0.77889,0.60561,0
-0.69518,0.15701,0.70147,0
-0.59312,-0.17416,0.78605,0
0.17363,-0.98468,0.015866,0
0.21745,0.89635,0.38635,0
-0.38513,0.91945,-0.07925,0
-0.95442,-0.030297,-0.29692,0
0.24619,-0.13698,0.95949,0
-0.2202,0.00699,-0.97543,0
-0.024729,0.31105,0.95007,0
-0.2549,-0.22805,-0.93969,0
0.59674,-0.2389,0.76604,0
0.32924,-0.27627,0.90293,0
-0.14987,-0.43302,0.88884,0
-0.8283,-0.30147,0.47227,0
0.38808,0.10069,0.91611,0
0.51236,-0.82577,0.23576,0
-0.50386,0.75733,-0.41542,0
0.71802,-0.23582,-0.65486,0
0.94642,0.18241,0.26647,0
0.4013,-0.74899,-0.52723,0
0.3239,0.39869,0.85798,0
-0.48825,-0.73387,-0.47227,0
-0.48836,-0.33621,-0.80527,0
-0.31648,-0.63857,-0.70147,0
0.77615,-1.901e-16,-0.63055,0
0.90009,0.42844,0.07925,0
0.5557,-0.40915,-0.72373,0
0.031155,-0.0060046,0.9995,0
-0.34925,0.12712,-0.92837,0
0.42315,0.78978,0.44407,0
0.2463,-0.53933,0.80527,0
0.57124,-0.8022,0.17365,0
-0.5492,0.3781,-0.74526,0
0.094523,-0.38963,-0.91611,0
-0.98632,-0.15782,-0.047582,0
0.158,0,0.98744,0
0.063296,0.0040226,-0.99799,0
-0.74282,0.58416,0.32707,0
0.75376,-0.48441,-0.44407,0
-0.48054,0.24774,-0.84125,0
-0.125,0.020002,-0.99195,0
-0.91818,-0.087675,-0.38635,0
-0.019903,-0.25036,-0.96795,0
0.01318,0.028861,-0.9995,0
-0.012626,-0.79566,-0.60561,0
-0.4924,-0.85287,-0.17365,0
-0.22911,0.39684,-0.88884,0
-0.91046,0.39846,-0.11084,0
0.58954,-0.56212,-0.58006,0
-0.6364,0.73445,-0.23576,0
-0.057567,-0.075642,0.99547,0
0.32989,0.35716,-0.87385,0
-0.34047,0.032511,0.93969,0
0.82279,0.27023,0.5,0
9.997,10.001,10.1,1
10.029,9.9644,9.9111,1
9.99,10.048,10.087,1
9.9827,10.014,10.098,1
9.9208,10.008,9.9394,1
9.9949,9.9359,9.9234,1
9.9262,9.9492,9.9556,1
9.9304,9.9377,10.036,1
10,10,9.9,1
9.9568,9.9433,10.07,1
10.019,9.9583,10.089,1
9.9155,9.9494,10.017,1
10.044,10.082,9.9643,1
9.9742,10.011,9.9041,1
9.9984,10.099,10.011,1
10.011,9.9884,9.9013,1
10.062,9.9839,10.077,1
9.9691,9.9465,9.9214,1
10.054,9.9966,10.084,1
9.9707,9.9893,10.095,1
9.9556,9.9104,9.9984,1
9.9829,10.03,9.906,1
10.074,10.024,10.063,1
10.02,10.084,10.05,1
9.9928,9.9792,9.9025,1
9.9973,10.019,9.9018,1
10.01,10.088,10.047,1
9.9988,9.9266,9.9321,1
10.041,10.09,9.9889,1
9.9428,10.075,10.033,1
9.9942,9.9975,10.1,1
10.094,10.018,9.9703,1
10.018,9.9941,10.098,1
9.9769,10.083,9.95,1
10.056,9.9464,9.9369,1
9.9676,10.094,10.014,1
9.9629,10.001,10.093,1
10.029,10.094,9.9826,1
9.929,10.026,9.9345,1
10.074,9.9375,9.9764,1
9.9143,10.044,10.027,1
10.073,10,10.068,1
9.9629,10.043,9.9176,1
9.9845,9.963,9.9084,1
10.02,9.9191,10.055,1
9.9205,9.9975,10.061,1
10.012,10.032,10.094,1
10.08,9.9846,10.058,1
9.9171,10.019,9.9473,1
9.9906,10.002,10.1,1
9.9873,9.9395,10.079,1
9.9672,10.049,10.081,1
10.017,9.9016,9.9952,1
10.011,9.9938,9.9008,1
10,10,10.1,1
10.054,10.075,9.9614,1
10.066,10.063,10.042,1
9.9617,10.034,10.086,1
10.006,10,9.9002,1
9.9875,9.9128,9.9528,1
9.9925,9.9728,10.096,1
9.9428,10.034,9.9255,1
9.9979,9.9976,9.9001,1
10.086,9.959,10.03,1
9.9719,10.029,10.092,1
9.9416,9.9407,9.9446,1
9.9045,9.9784,10.02,1
9.9296,9.9887,9.9299,1
10.018,9.9746,9.905,1
10.038,10.021,10.09,1
10.077,10.049,9.9585,1
10.052,9.9159,9.9858,1
10.037,10.046,9.9195,1
10.035,9.9086,9.9795,1
10.022,9.9278,10.065,1
10.004,10.094,9.9673,1
10.062,10.03,9.9276,1
9.9044,9.9719,10.008,1
9.999,10.013,10.099,1
9.9644,10.085,10.039,1
10.023,10.037,9.9097,1
9.9516,9.9954,9.9126,1
10.077,10.064,10.005,1
10.003,10.016,10.099,1
10.03,9.978,9.9072,1
10.011,9.9009,9.9921,1
10.023,9.9907,9.9032,1
9.9555,10.031,9.9159,1
10.068,10.073,10.002,1
9.9476,9.9588,10.075,1
9.9694,10.062,10.072,1
10.009,9.9988,9.9005,1
10.004,9.9151,10.053,1
10.048,9.9693,10.082,1
9.9143,9.9558,9.9734,1
10.041,10.03,9.9142,1
10.025,10.003,10.097,1
10.097,10,10.024,1
9.9504,9.9254,10.044,1
10.076,10.03,9.942,1
9.9356,10.006,10.088,1
10.002,9.9595,10.101,1
9.9314,10.07,10.048,1
9.9241,9.9321,10.039,1
10.092,9.9489,10.029,1
9.9035,10.015,9.9516,1
10.104,9.973,9.9811,1
9.9341,10.076,9.9579,1
10.052,10.01,9.9047,1
9.9749,10.011,10.106,1
10.106,9.9865,10.022,1
9.9007,9.9565,10.012,1
9.9409,9.9111,9.9777,1
10.017,9.9562,9.9015,1
9.9985,9.9897,9.8914,1
10.014,10.031,10.104,1
10.052,9.9039,10.002,1
9.9559,9.9111,10.045,1
9.9329,9.9936,10.086,1
10.053,10.05,10.081,1
10.065,9.92,9.9643,1
10.098,10.039,10.026,1
10.013,9.9455,10.094,1
9.9984,9.9794,10.107,1
9.9296,10.063,9.9455,1
9.9758,10.036,10.1,1
9.9039,10.003,9.9485,1
9.97,10.007,9.8953,1
10,10,9.8909,1
10.054,9.9245,9.9425,1
9.9898,10.049,9.903,1
9.9995,10.003,10.109,1
10.009,9.9227,10.077,1
10.059,9.9963,10.092,1
10.002,10.014,9.8918,1
9.956,10.035,9.9064,1
10.021,9.9824,9.8944,1
9.9819,9.9568,10.099,1
9.9491,9.9412,9.9235,1
10.093,9.9626,10.042,1
10.026,9.9834,10.105,1
9.9458,9.9061,9.9879,1
10.082,9.9729,10.066,1
9.9867,9.9961,10.108,1
9.9858,10.01,10.108,1
10.044,10.054,9.9164,1
9.9927,10.092,10.058,1
9.9218,9.9823,9.926,1
10.031,9.9854,9.8964,1
10,10,10.109,1
9.997,9.9982,9.891,1
9.9418,9.9235,10.052,1
10.108,10,10.016,1
10.051,9.9447,9.921,1
10.031,10.043,10.095,1
10.005,10.02,9.8929,1
9.9754,10.071,10.079,1
9.9657,10.082,10.063,1
10.004,9.9906,10.109,1
10.005,10.105,9.9709,1
10.057,9.9087,10.019,1
10.07,10.058,9.9396,1
10.072,9.9315,9.9547,1
10.109,10.007,9.9983,1
9.978,10.079,9.9286,1
9.9987,9.9153,9.9312,1
10.02,10.032,9.8975,1
10.044,10,9.9001,1
10.06,10.065,9.9367,1
10.019,10.014,9.8936,1
10.001,9.9932,10.109,1
10.092,10.059,10.005,1
9.9092,9.9971,10.06,1
10.021,9.933,10.084,1
9.9104,9.9383,10.009,1
9.8924,9.9828,9.9948,1
10.103,10.027,9.9743,1
10.087,9.936,9.9845,1
9.9492,9.96,9.9122,1
10.107,9.9794,9.9914,1
9.9997,10.017,9.8923,1
9.9835,9.9404,9.9101,1
9.9422,9.9412,10.071,1
9.9965,10.006,9.8911,1
9.9791,9.9003,9.9611,1
10.064,10.035,9.9187,1
10.018,10.102,10.036,1
9.9794,10.012,10.106,1
10.018,10.056,9.9082,1
10.038,10.071,10.074,1
10.061,10.029,9.9142,1
10.099,10.033,10.032,1
9.9556,10.023,10.097,1
9.9659,9.9016,9.9676,1
9.9406,10.017,10.09,1
9.9774,10.03,10.103,1
10.086,10.011,9.9339,1
9.9112,9.9677,10.055,1
9.982,10.036,9.8987,1
10.03,10.079,10.069,1
9.9357,10.019,10.097,1
10.009,9.9835,9.8833,1
9.9138,9.9686,10.075,1
10.038,9.9529,10.101,1
9.9969,10.015,9.8828,1
10.069,10.044,10.086,1
9.9991,10.057,9.8967,1
10.011,9.9648,10.112,1
9.9628,9.9707,10.108,1
10.078,10.085,10.024,1
10.061,10.098,9.9758,1
10.067,10.056,10.08,1
9.9915,10.107,10.049,1
10.116,10.007,9.9795,1
9.9694,10.111,10.028,1
9.9987,9.9185,9.9145,1
10.017,10.095,9.9314,1
9.946,10.02,10.103,1
10.041,10.03,10.107,1
10.026,9.8927,9.9578,1
9.9023,9.9415,10.031,1
10.113,10.029,10.017,1
9.9907,9.8829,10.013,1
10.02,9.8854,10.021,1
9.9974,10.003,10.118,1
10.017,10.008,10.117,1
10.012,10.111,9.9613,1
10,10,9.8818,1
10.072,9.9763,9.9095,1
9.9494,10.102,9.9685,1
9.9563,10.004,9.8903,1
9.9285,9.9061,10.006,1
10.008,9.9873,10.117,1
10.02,10.011,9.884,1
9.9099,9.9606,9.9345,1
9.9513,9.9857,9.8933,1
9.9342,9.9241,10.062,1
9.9746,9.9943,10.115,1
9.9548,10.04,9.8986,1
10.042,9.9405,10.093,1
9.891,9.9826,10.042,1
9.9287,10.094,10.009,1
9.9426,10.099,9.9721,1
10.025,10.065,9.9048,1
9.9659,10.098,10.056,1
10.047,10,9.8917,1
9.9939,9.9709,9.8856,1
10.049,9.9589,10.099,1
10.064,10.021,9.9027,1
10.025,9.9345,10.095,1
10.103,9.9425,9.9981,1
10.033,10.072,10.088,1
10.068,9.9728,9.9071,1
10.045,9.9008,9.9543,1
9.9844,9.9627,9.8889,1
9.8938,10.017,9.9509,1
10.005,9.8942,10.052,1
10.021,10.026,9.8866,1
9.9213,10.047,9.9255,1
9.9871,10.031,10.113,1
9.9261,10.085,9.9649,1
9.9306,9.9522,10.083,1
10.005,9.9563,10.11,1
10,10,10.118,1
9.986,10.097,10.065,1
9.9687,9.8868,9.9869,1
10.028,10.09,10.072,1
9.9776,9.9993,10.116,1
10.037,10.069,9.9119,1
10.069,9.9248,9.9409,1
9.8822,10.004,9.9906,1
10.003,10.003,9.8819,1
10.011,10,10.118,1
9.9118,10.039,10.069,1
10.053,9.9898,9.895,1
10.065,10.092,10.035,1
9.9614,9.9222,9.9198,1
10.04,10.008,10.111,1
9.9083,10.021,9.9284,1
10.009,9.9933,9.8824,1
9.9989,9.9926,10.118,1
9.9409,9.8977,10.002,1
9.9252,9.933,9.9377,1
10.079,9.9248,10.046,1
9.9403,10.047,10.091,1
9.9672,9.9831,9.8877,1
10.117,9.9926,9.9832,1
9.8825,9.9888,9.9944,1
9.909,10.047,10.059,1
10.003,10.064,9.9006,1
9.9856,10.022,9.8847,1
10.111,10.014,10.039,1
9.97,9.9549,10.105,1
10.089,9.9887,10.077,1
10.028,10.011,10.114,1
10.076,9.9638,9.9171,1
9.9947,9.9947,9.8821,1
9.9142,10.059,9.9442,1
10.075,9.9517,9.9226,1
10.025,10.103,9.9475,1
9.9859,10.098,9.9197,1
10.021,9.9455,10.113,1
9.8981,10.07,9.97,1
9.9486,10.019,9.8851,1
10.021,9.9883,9.875,1
10.009,10.008,9.8733,1
10.006,9.8827,10.049,1
10.037,9.8819,10.03,1
9.9884,9.919,9.9025,1
9.8732,9.996,9.9899,1
10.105,9.9656,10.064,1
9.9565,10.039,9.8869,1
10.043,10.028,9.8834,1
9.9741,9.8762,9.9859,1
10.043,10.112,9.9584,1
10.078,10.01,9.9,1
9.9433,10.025,9.8888,1
10.073,9.9462,10.089,1
10.105,10.027,9.9329,1
10.016,10,9.8738,1
10.052,9.9502,9.8952,1
10.106,10.05,9.9508,1
9.9742,10.123,10.018,1
10.012,9.8925,10.067,1
9.9875,9.9749,10.124,1
10.09,10.067,10.06,1
10.126,10,9.9819,1
10.036,9.9955,9.8779,1
9.9903,9.8777,9.9661,1
10.05,9.8906,10.042,1
9.8928,9.961,9.9435,1
10.091,9.9565,10.077,1
9.8925,9.9356,9.9779,1
10.026,10.056,10.111,1
9.9887,10.011,10.126,1
9.9229,10.101,10.002,1
10.005,9.9724,9.8759,1
10.03,10.042,10.117,1
9.961,9.9732,9.8818,1
9.9576,9.9265,10.095,1
10.04,10.016,9.8804,1
10.04,10.038,10.115,1
9.9296,10.016,10.105,1
9.9188,9.9175,9.9471,1
9.934,9.9806,9.8929,1
9.9989,10.004,10.127,1
9.9276,10.021,9.8975,1
9.9015,10.077,10.022,1
9.9519,10.083,9.9167,1
10.011,10.103,9.9262,1
9.9968,9.9883,10.127,1
10.08,9.9845,10.097,1
9.9722,9.9198,9.9051,1
9.9904,10.121,10.038,1
9.9097,9.9914,9.9107,1
10.028,10.116,10.045,1
10.11,10.021,9.9399,1
10.032,10.002,10.123,1
9.9091,10.054,10.07,1
9.9036,9.9242,10.034,1
10.091,10.05,10.074,1
10.008,9.9995,9.873,1
10.062,10.077,10.08,1
9.9337,9.9235,9.9229,1
10.014,9.9852,10.126,1
10.031,10.058,9.8908,1
9.9435,10.114,10.006,1
10.011,9.954,10.118,1
10.036,10.058,10.107,1
10.015,9.9813,10.125,1
10,10,9.8727,1
9.992,10.001,10.127,1
9.8815,9.9732,9.9622,1
10.089,10.029,9.9136,1
10.015,9.9871,9.8743,1
10.056,9.9216,10.083,1
9.9347,10.002,10.109,1
9.9345,9.9414,10.092,1
10.004,9.999,9.8728,1
9.8971,9.947,10.053,1
9.9985,10.093,10.086,1
9.9823,10.027,9.8768,1
9.9519,9.8851,9.9739,1
10.037,9.9852,9.8791,1
9.9341,9.901,9.9546,1
10.072,10.078,9.9295,1
9.9593,10.118,10.026,1
10.033,9.9785,10.121,1
10.067,9.892,9.9939,1
9.951,10.117,10.01,1
9.8743,9.9799,9.998,1
10.004,10.075,10.102,1
10,10,10.127,1
10.006,10.035,10.122,1
10.021,9.9616,10.12,1
9.902,10.051,9.9364,1
9.9223,10.012,10.1,1
9.9234,9.8993,10.014,1
9.9986,9.9122,9.9079,1
9.8955,9.9543,10.057,1
9.9706,10.059,9.8808,1
10.055,10.102,10.072,1
9.8848,9.974,9.9318,1
10.004,9.9264,10.115,1
9.8822,10.061,9.9679,1
9.9518,9.9028,10.083,1
9.8813,10.019,10.064,1
9.911,9.961,10.096,1
9.9545,9.9213,9.8984,1
10.032,10.104,9.9174,1
9.9306,9.9522,9.8928,1
9.965,9.8733,10.036,1
9.9087,10.093,9.9595,1
10.117,10.065,9.9763,1
10.034,10,9.868,1
10.077,9.927,10.086,1
10.009,10,10.136,1
9.9241,10.088,9.9281,1
9.873,10.029,10.04,1
10.02,10.022,9.867,1
9.8705,10.038,9.9806,1
10.113,10.014,9.9245,1
9.9999,9.9957,9.8637,1
10.12,10.057,10.032,1
9.9767,9.9694,9.8692,1
10.085,10.081,10.068,1
9.9554,10.129,10.002,1
10.002,9.9963,10.136,1
10.011,9.9633,10.131,1
10.086,9.8943,10.006,1
10.054,10.045,10.117,1
9.9842,10.076,9.8877,1
9.9958,9.9878,10.136,1
10.104,9.9129,9.9849,1
9.981,9.8679,9.9721,1
10.021,10.085,10.104,1
9.8765,10.045,9.9637,1
10.049,10.032,9.8769,1
10.028,9.9278,10.112,1
9.9674,10.118,10.061,1
9.9429,10.086,10.089,1
10.12,9.9688,10.057,1
10.007,10.042,9.8704,1
9.9562,9.9555,10.121,1
9.9539,9.9926,10.128,1
9.8803,10.011,9.9356,1
10.018,9.8958,9.914,1
10.029,9.9815,10.132,1
10.036,10.051,9.8788,1
10.086,9.9064,10.049,1
10.013,9.9975,9.8643,1
10.057,10.124,9.9978,1
10.032,9.8688,10.019,1
9.9025,9.9233,9.9434,1
9.9571,9.8975,9.9209,1
10,10,9.8636,1
10.083,9.9726,9.8955,1
10.054,10.088,9.9107,1
10.127,10.024,9.9554,1
9.9839,10.014,9.8653,1
9.8663,9.9872,10.024,1
9.8901,10.076,10.028,1
9.9764,10.01,9.8661,1
9.9925,10.094,10.099,1
10.049,9.9765,10.125,1
10.126,10.05,10.015,1
10.047,9.997,9.8719,1
9.9892,10.019,10.135,1
9.9087,9.9668,9.9043,1
10.058,9.9184,10.093,1
9.9849,9.9278,9.8853,1
10,10,10.136,1
10.117,9.9533,10.053,1
9.951,10.064,9.8902,1
10.015,10.135,9.9935,1
9.955,9.9768,10.127,1
9.9752,9.9927,10.134,1
10.014,9.8786,9.9394,1
9.9892,9.8645,10.011,1
9.9565,10.026,9.8734,1
9.9531,9.9719,9.8751,1
10.091,10.024,9.9013,1
10.111,10.007,10.079,1
10.03,10.079,10.107,1
10.034,9.9265,10.11,1
9.9857,10.099,9.9075,1
10.02,9.9625,10.13,1
9.9414,9.9981,10.123,1
9.9449,10.043,9.883,1
10.081,10.1,10.045,1
10.126,9.9839,9.9513,1
10.099,9.9448,10.076,1
10.119,10.039,9.9473,1
10.109,9.9194,9.9892,1
10.004,10.091,10.102,1
9.9997,10.017,10.135,1
9.9914,10,9.8639,1
9.9933,10.016,9.8647,1
10.024,10.018,10.133,1
9.9506,9.9558,10.119,1
10.09,9.9028,9.9396,1
9.944,10.016,10.133,1
10.022,10.091,9.8886,1
10,10,9.8545,1
9.9557,10.01,9.8618,1
10.112,9.9176,10.043,1
10.039,10.103,10.095,1
10.106,10.059,10.081,1
9.9141,10.008,9.8829,1
10.06,10.132,9.9885,1
10.068,10.128,10.012,1
10.007,9.8627,9.9524,1
10.025,10.14,9.9702,1
10.001,10.023,10.144,1
10.049,9.9768,10.135,1
9.9895,9.8681,10.06,1
10.061,9.9843,9.8687,1
10.037,9.9399,10.127,1
10.069,9.9554,9.8802,1
10.012,10.039,9.8604,1
9.9359,9.889,9.9313,1
10.135,10.044,10.03,1
10.034,9.8608,9.9747,1
10.115,9.9541,10.077,1
10.023,10.022,9.8581,1
9.8578,9.9773,9.9793,1
9.9117,10.079,9.9156,1
9.9713,9.8628,9.9612,1
9.9672,9.9051,10.105,1
9.9466,10.009,9.865,1
9.9921,9.9953,10.145,1
9.9532,10.048,9.8707,1
10.093,10.101,10.048,1
9.9711,10.069,10.125,1
10.129,10.062,10.025,1
9.9816,10.001,10.144,1
9.9662,9.9697,10.138,1
9.9121,9.968,10.111,1
10.046,10.018,9.8633,1
10.071,9.9955,9.8729,1
10,10,10.145,1
10.018,9.9965,9.8557,1
9.9983,10.107,9.9013,1
9.9722,9.944,10.131,1
10.137,10.036,10.034,1
10.011,10.009,10.145,1
10.084,10.054,9.8947,1
9.8982,9.9299,9.9233,1
10.079,10,9.8776,1
9.9948,10.036,9.8592,1
9.9979,9.8697,9.9354,1
10.14,9.9821,9.9657,1
10.012,9.8938,10.099,1
10.134,10.009,9.9438,1
9.9815,9.871,10.065,1
9.9742,10.123,9.9273,1
9.9848,9.9771,9.8572,1
10.015,9.9525,10.137,1
10.082,9.9221,10.092,1
9.9048,9.8901,10.002,1
9.9773,10.016,10.143,1
9.8992,9.9207,10.069,1
9.9208,9.9195,9.9083,1
10.07,9.9014,9.9194,1
9.9693,9.991,10.142,1
9.9959,10.008,9.8548,1
10.126,10,10.073,1
10.11,9.9639,10.088,1
10.095,10.018,9.8916,1
10.047,10.058,9.8752,1
9.9678,10.025,10.14,1
10.009,9.9893,9.8552,1
10.018,9.8979,10.102,1
9.9892,10.135,9.9481,1
9.8546,9.9954,9.9977,1
10.012,10.02,9.8564,1
9.9724,10.1,9.898,1
10.112,10.082,9.9568,1
10.002,9.9959,10.145,1
9.9478,9.9314,10.117,1
9.9112,9.9611,10.108,1
10.032,9.916,10.114,1
9.9428,10.034,10.129,1
9.9419,9.9945,9.8667,1
9.9779,10.029,10.141,1
9.9391,10.092,9.9047,1
10.084,10.117,10.021,1
10.048,9.8947,9.9119,1
9.8635,10.05,9.9931,1
9.859,9.9682,9.9839,1
9.9684,9.8858,10.084,1
10.069,9.9618,10.122,1
10.107,9.9099,10.039,1
9.8709,10.067,10.007,1
10.082,10.01,10.12,1
9.9561,10.127,10.056,1
10.016,10.144,10.016,1
9.8755,10.054,10.052,1
9.9201,9.9588,9.8857,1
9.997,10.003,9.8546,1
10.1,10.026,10.115,1
9.9398,10.079,10.118,1
10.096,9.8813,10.022,1
10.138,10.009,9.9314,1
10.058,9.977,9.8584,1
9.9736,9.8741,10.086,1
10.004,10.003,10.154,1
9.9984,9.9805,9.8467,1
10.053,10.039,10.14,1
10,10.005,9.8455,1
10.013,9.9937,10.154,1
10.01,9.9727,10.152,1
10.125,10.06,10.069,1
9.9295,10.007,10.137,1
9.9288,10.064,10.121,1
10,10,9.8455,1
9.9527,9.9674,10.143,1
10,10,10.155,1
9.9245,10.052,9.8755,1
9.9168,9.9921,9.87,1
9.9601,9.9825,9.8517,1
9.9108,9.897,9.927,1
9.9628,9.9891,9.8504,1
9.8643,10.049,10.055,1
10.057,9.9386,10.13,1
9.9986,10.088,9.8727,1
10.017,10.15,9.9683,1
9.9765,9.9526,10.145,1
9.8592,9.9775,9.9403,1
10.13,10.017,10.081,1
9.9762,10.005,9.8474,1
9.9045,9.997,9.8785,1
9.9562,10.076,10.127,1
9.9768,10.067,9.8626,1
10.078,9.8746,10.046,1
9.9882,9.9844,10.153,1
10.038,10.1,9.8882,1
10.102,9.9432,10.101,1
9.9385,9.8935,10.094,1
9.978,10.153,9.9926,1
9.881,9.9387,10.077,1
10.102,9.903,10.064,1
9.9688,10.149,9.9732,1
9.9079,10.094,9.9185,1
10.027,9.9494,9.8565,1
9.9238,10.022,10.133,1
10.149,9.9614,10.017,1
10.145,9.9525,10.027,1
10.014,10.046,10.147,1
9.8865,10.089,9.9448,1
10.035,9.8552,10.041,1
9.98,9.8609,9.9358,1
9.8912,10.017,9.8916,1
9.9205,9.9289,10.112,1
10.052,10.115,10.09,1
9.98,9.9276,9.865,1
9.9927,10.091,10.124,1
9.9562,9.8735,9.9227,1
10.013,9.8808,10.097,1
9.9811,9.9717,10.151,1
10.069,10.039,9.8674,1
9.9672,10.119,9.9064,1
10.12,10,9.9026,1
10.091,9.9327,9.8951,1
9.9913,10.004,9.8458,1
10.154,9.9902,10.002,1
9.9181,9.9168,9.8988,1
10.089,10.125,9.978,1
9.9976,9.8511,9.9588,1
10.005,9.9712,9.8482,1
9.8499,10.005,10.036,1
10.151,10,10.032,1
10.045,10.043,10.142,1
10.07,10.028,10.135,1
9.9885,9.9909,9.8462,1
10.143,9.9724,10.051,1
10.113,10.095,9.9541,1
10.122,10.04,9.9144,1
9.9245,10.113,10.073,1
10.099,9.9874,9.8816,1
9.9892,10.022,10.153,1
9.9602,10.095,9.8848,1
9.9176,10.095,9.9104,1
10.039,9.9459,9.8605,1
10.13,9.9167,10.012,1
9.9403,9.8575,9.9975,1
10.027,10.152,9.9878,1
10.03,9.9751,10.15,1
9.9547,9.9835,9.8532,1
10.061,9.8672,9.9495,1
9.8682,10.079,9.9829,1
10.012,10.051,9.8548,1
9.8676,9.9207,10.007,1
10.069,10.085,10.108,1
10.042,9.8639,10.06,1
10.018,10.029,9.8493,1
10.01,10.002,10.154,1
9.9575,9.9904,10.148,1
10.005,9.8866,10.105,1
10.102,10.11,9.9636,1
9.9554,10.129,9.9094,1
10.127,10,9.8968,1
9.9271,9.9426,9.8652,1
10.02,10.115,10.115,1
10.088,9.9353,10.122,1
10.088,10.057,9.8746,1
10.07,10.009,10.148,1
10.018,9.8408,9.9665,1
10.073,10.019,10.145,1
9.919,10.14,9.9767,1
10.102,9.8891,9.9368,1
10.015,9.998,10.163,1
9.9785,10.103,10.125,1
9.968,9.8841,10.111,1
10.04,9.9776,10.157,1
10.065,9.8949,10.107,1
9.8977,9.8819,9.9514,1
10.154,9.9902,10.054,1
9.9845,10.001,9.8371,1
10.093,9.8687,10.028,1
9.9387,9.9195,9.8714,1
10.058,10.152,9.9819,1
10.112,9.9468,9.8928,1
9.9208,9.9195,10.118,1
10.005,10.02,9.8377,1
9.903,10.003,9.8682,1
10.026,10.025,10.16,1
9.9101,10.062,9.878,1
10.064,9.9835,10.15,1
10.041,10.057,9.8522,1
9.8784,10.096,9.9465,1
10.004,10.003,9.8364,1
10.137,10.045,10.077,1
9.9024,10.128,9.9716,1
9.8836,9.9491,10.103,1
10.125,9.9195,10.068,1
9.9798,10.14,10.082,1
10.03,10.006,9.8393,1
10,10,10.164,1
9.998,9.9742,9.8384,1
9.988,9.9168,10.14,1
9.9896,9.9997,9.8367,1
9.8463,10.056,10.003,1
9.9379,10.063,10.138,1
10.147,10,10.073,1
9.9119,10.132,9.9614,1
10.049,10.079,10.135,1
9.9691,9.8523,10.063,1
9.9995,10.031,10.161,1
10.123,10.091,10.058,1
9.9654,10.01,9.8404,1
9.9536,10.111,9.889,1
10.042,9.8911,9.8852,1
10.004,9.9251,9.8546,1
10.032,9.9604,9.8445,1
10.126,10.051,10.091,1
10.064,9.9876,9.8501,1
10.02,9.9183,9.8596,1
10.018,10.058,10.152,1
10.008,10.162,10.018,1
9.8684,9.9789,9.9051,1
10.004,9.9964,10.164,1
9.9795,10.003,10.162,1
9.8666,9.9082,10.023,1
9.9013,9.9777,10.129,1
10.121,9.9516,10.099,1
9.9341,9.941,9.8623,1
10.033,10.072,9.857,1
10.139,10.009,10.086,1
9.9466,9.8458,9.987,1
10.068,9.8513,9.9922,1
9.9956,10.056,10.154,1
9.8861,10.102,9.9416,1
9.9647,9.9287,10.143,1
9.9503,10.026,9.8462,1
9.87,10.029,10.095,1
10.112,9.9058,9.9273,1
10.088,10.096,9.9009,1
10.018,10.162,10.013,1
10.01,9.9968,10.163,1
9.8718,9.9339,9.9227,1
10.049,9.8438,9.9974,1
9.9211,9.8634,10.044,1
10.076,10.141,10.034,1
10.046,9.9145,10.132,1
9.8636,10.06,9.932,1
10.148,10.07,10.008,1
10.122,10.068,9.9137,1
9.9031,10.058,9.8816,1
9.9698,10.035,9.843,1
9.864,9.9601,9.9182,1
9.9993,9.9589,9.8416,1
9.9584,10.151,10.049,1
9.9395,9.9942,9.8481,1
10.007,9.9595,10.158,1
9.9857,9.9785,10.162,1
10.1,10.123,10.039,1
9.9391,9.8545,9.9564,1
10,10,9.8364,1
9.952,9.9825,10.155,1
10.063,10.012,10.16,1
9.9864,9.9764,10.171,1
10.05,10.048,10.158,1
9.8633,10.082,9.9333,1
9.9692,10.062,9.8418,1
10.1,9.9523,9.8677,1
9.9345,9.9334,9.8547,1
10.112,10.094,10.091,1
10.007,9.8454,9.9233,1
10.005,10.01,10.172,1
10.096,10.046,9.8642,1
10.136,9.9826,9.8954,1
9.9878,10.011,10.172,1
10.027,10.155,10.072,1
9.941,9.9981,10.162,1
10,10,10.173,1
10.033,10.002,10.17,1
10.079,9.9495,10.145,1
10.015,10.006,9.8281,1
10.073,10.089,10.129,1
10.029,9.836,9.954,1
9.9293,9.8573,10.067,1
9.8442,9.9318,10.03,1
9.9541,9.834,10.014,1
9.8783,9.9043,10.077,1
9.9021,10.003,9.8577,1
10.112,9.8788,10.051,1
9.8911,9.9348,10.117,1
9.8943,9.8781,10.062,1
10.137,9.8991,9.97,1
10.084,10,9.8491,1
10.046,9.9355,10.154,1
10.109,9.9641,9.8713,1
9.8565,9.9579,9.9136,1
10.085,9.9286,10.132,1
9.9955,10.003,9.8274,1
9.8843,10.118,9.9487,1
9.9874,10.088,10.148,1
9.9955,9.9786,10.171,1
9.8508,9.9231,10.041,1
10.083,10.011,10.151,1
9.8997,9.9635,10.136,1
9.9193,9.9445,10.142,1
9.8599,10.013,9.8998,1
10.048,10.125,9.8911,1
9.9716,10.033,10.167,1
9.9096,9.8641,10.056,1
9.9728,9.9974,9.8294,1
10.123,9.9922,9.8788,1
9.8885,9.9003,10.086,1
10.053,9.8846,9.8828,1
10.058,9.8493,9.9384,1
9.9209,9.8961,9.8869,1
10,10,9.8273,1
9.9888,9.8597,10.1,1
9.8377,10.059,10.003,1
10.115,10.03,9.875,1
9.9665,9.9032,10.139,1
10.079,9.8533,10.046,1
9.9333,10.159,10.008,1
10.084,10.028,9.8518,1
9.954,10.166,9.9918,1
9.9887,9.9217,9.8465,1
10.169,9.9675,9.9809,1
9.9757,10.07,9.844,1
9.9958,9.9899,9.8276,1
9.9136,10.15,9.9973,1
9.995,10.002,10.173,1
9.9374,9.9859,9.8396,1
10.164,9.9575,9.9646,1
9.848,10.078,10.025,1
10.032,9.8664,10.105,1
10.159,9.9362,10.019,1
9.887,10.089,10.096,1
10.002,10.038,9.8315,1
10.122,9.8833,10.035,1
10.035,10.143,9.9089,1
10.096,10.071,10.125,1
9.979,10.006,9.8287,1
10.116,10.126,9.9754,1
9.9572,9.9931,9.8328,1
9.9977,9.8562,9.9043,1
10.056,10.122,10.109,1
9.9681,10.007,9.8304,1
10.05,10.032,9.8377,1
9.99,10.048,10.166,1
9.9705,10.039,9.8343,1
10.071,10.1,10.121,1
10.034,9.9582,9.8359,1
10.083,10.134,9.9282,1
9.9879,10.152,9.9184,1
9.9973,10.168,9.9593,1
10.114,10.063,10.113,1
10.039,9.9369,10.156,1
10.006,9.9464,10.164,1
9.9789,10.032,10.168,1
10.089,9.9502,9.8609,1
10.045,9.8546,10.082,1
9.8388,10.026,9.9435,1
10.172,10,9.9863,1
10.155,9.9702,10.091,1
9.9407,10.12,9.8766,1
10.107,9.9864,9.8536,1
9.9677,9.8832,9.8645,1
9.9852,9.9911,10.181,1
10.131,10.043,9.8809,1
10.008,9.9785,10.18,1
10.111,10.137,9.9571,1
10.17,9.9892,9.9351,1
10.116,9.9027,10.101,1
10,10,10.182,1
10.042,10.173,10.037,1
9.9177,9.9868,9.8384,1
9.868,9.9091,10.086,1
9.9126,10.045,10.153,1
10.039,9.8393,10.076,1
10.121,9.9685,10.132,1
9.976,10.057,10.171,1
9.8335,9.9271,10.003,1
9.9008,9.8509,10.032,1
10.012,9.9804,9.8196,1
9.9943,10.001,9.8183,1
10.141,9.8961,10.048,1
10.146,10.094,10.054,1
10.158,10.088,10.014,1
10.101,10.141,9.946,1
9.9266,9.8518,9.9245,1
9.8595,9.9866,9.8854,1
9.9924,9.9913,10.181,1
9.9001,9.9485,9.8571,1
9.9122,10.032,10.156,1
10.018,10.159,9.9141,1
10.131,10.125,9.9913,1
9.9986,9.9116,10.159,1
9.9641,9.9718,10.176,1
10.009,10.027,10.18,1
10.042,9.9406,10.167,1
9.9533,10.081,9.844,1
9.9779,10.064,9.8312,1
10.053,10.021,10.173,1
10,10,9.8182,1
10.163,9.9223,9.9798,1
9.8324,9.9947,9.9298,1
10.113,10.054,9.8684,1
10.022,9.9304,9.8334,1
10.096,10.154,9.9856,1
10.025,9.861,10.115,1
10.004,10.011,9.8185,1
10.019,9.9647,9.8226,1
10.139,10.117,10.009,1
9.8795,10.122,9.9405,1
10.004,10.004,10.182,1
10.07,10.131,9.8945,1
10.005,10.098,9.847,1
10.137,10.101,10.065,1
9.9981,10.117,9.8607,1
9.9741,10.18,9.9971,1
10.174,10.045,10.026,1
10.103,10,10.15,1
9.9566,9.8963,10.143,1
9.9875,10.157,9.9091,1
9.8757,10.037,10.128,1
9.9871,9.8376,9.9193,1
10.162,10.021,10.081,1
10.088,9.9048,9.8725,1
10.144,10.009,9.8899,1
9.9277,9.9265,9.8502,1
9.9345,10.052,10.162,1
10.033,9.9893,9.8215,1
9.8302,9.9382,10.02,1
10.016,9.9936,9.819,1
9.9537,10.041,9.8291,1
9.8464,10.067,10.07,1
9.9697,10.145,10.105,1
9.9713,10.104,10.146,1
10.002,9.9488,10.174,1
10.117,9.9351,10.123,1
10.049,9.9534,10.169,1
9.9775,10.026,10.179,1
9.925,9.978,9.8358,1
9.9603,9.8854,10.136,1
9.8324,9.9621,10.059,1
10.074,9.9522,9.8411,1
9.9763,10.016,9.8205,1
9.8939,9.8605,9.9516,1
9.9609,10.009,10.177,1
10.178,10,9.9628,1
9.9144,10.129,9.9041,1
9.8632,10.013,10.119,1
9.9083,10.12,9.8993,1
9.9704,9.8584,10.11,1
10.014,10.077,10.164,1
9.8659,9.88,9.9741,1
9.9117,9.847,10.043,1
10.064,9.8595,10.096,1
10.176,10.034,9.9684,1
10.013,9.8838,10.139,1
9.9488,10.002,9.8255,1
10.036,9.956,9.8273,1
9.9935,9.9548,9.824,1
9.9229,10.061,10.164,1
10.01,10.007,9.8095,1
9.8539,9.9468,10.111,1
10.078,10.171,10.033,1
10.148,10,9.8796,1
10.129,9.8769,9.9319,1
10.14,10.067,9.8893,1
9.9098,10.156,10.062,1
10.062,9.8839,10.138,1
9.943,9.949,9.8251,1
10,10,10.191,1
9.9465,10.005,10.183,1
10.026,9.8541,10.12,1
10.076,9.9575,9.8303,1
10.152,10.01,10.116,1
9.9378,9.8202,10.015,1
10.093,10.031,9.8362,1
10.049,9.8729,9.8661,1
9.8166,9.9586,9.9668,1
9.9864,10.171,9.9152,1
10.189,10.024,9.997,1
9.9749,9.8799,10.146,1
9.8558,10.005,9.875,1
10.005,10.108,10.157,1
10.065,10.08,9.8394,1
10.031,10.128,9.8618,1
9.992,9.9709,9.8115,1
10.003,10.03,10.189,1
9.9623,9.9617,9.8168,1
10.055,10.176,9.9491,1
10.114,9.9264,10.134,1
9.9559,10.159,10.095,1
9.9271,10.038,9.8276,1
10.003,9.9291,9.8228,1
9.8514,9.935,10.101,1
9.9999,10.006,10.191,1
10.186,9.9641,10.021,1
10.042,10.023,9.8152,1
10.003,10.018,10.19,1
9.9229,9.8444,9.9207,1
9.8617,10.124,10.045,1
9.9153,10.171,9.9909,1
10.119,10.129,9.9262,1
9.9355,9.9897,10.179,1
9.8475,10.045,10.106,1
9.9499,9.9422,10.175,1
9.9051,9.8357,9.9788,1
10.113,9.9169,10.13,1
9.9939,9.9998,9.8092,1
9.9669,9.974,10.186,1
9.8934,9.8599,10.074,1
9.9662,9.9193,10.17,1
9.8452,10.093,9.9376,1
9.9967,9.9581,9.8138,1
9.961,10.186,9.9849,1
9.8715,10.056,9.8705,1
9.899,9.8482,9.9433,1
10.014,10.02,10.189,1
10.059,9.9925,9.8186,1
9.9172,10.084,10.15,1
10.124,9.8957,9.8993,1
10,10,9.8091,1
9.9373,10.094,9.8463,1
9.8989,9.9304,9.8538,1
10.054,9.9244,10.167,1
10.12,9.8518,10.003,1
10.121,10.078,10.125,1
9.9648,10.008,10.187,1
9.9731,9.813,10.027,1
10.054,9.9123,10.161,1
10.024,9.9985,9.8106,1
10.056,9.8196,9.9728,1
9.9204,9.9523,9.8332,1
10.16,9.9585,9.9045,1
9.9761,10.167,10.09,1
10.181,10.047,10.039,1
9.8102,9.9819,10.009,1
9.8896,10.145,10.057,1
9.8994,9.9481,10.154,1
10.037,9.8455,9.8943,1
10.012,9.9962,10.191,1
10.048,10,10.185,1
10.076,9.8326,10.051,1
9.8359,9.9518,10.085,1
10.004,9.9641,9.8125,1
10.054,10.046,10.177,1
9.9229,10.028,10.172,1
9.9508,10.117,10.142,1
9.8898,10.127,9.9098,1
9.9646,10.102,9.8428,1
9.8835,10.019,9.8499,1
10.134,10.128,9.955,1
10.094,10.152,10.068,1
10.125,10.024,9.8577,1
10.161,10.065,10.079,1
10.059,9.9719,9.8206,1
10.141,9.9435,9.8844,1
9.8461,10.106,9.9609,1
10.04,9.9562,10.181,1
10.006,10.017,9.81,1
10.172,9.9042,10.035,1
10.176,9.9543,9.9169,1
9.926,9.9929,10.186,1
9.9756,10.037,10.195,1
10.05,9.9936,9.8064,1
9.9503,9.8814,9.8468,1
9.8502,9.8968,10.083,1
9.9444,9.8394,10.105,1
10.169,9.9197,9.9286,1
9.998,10.025,9.8016,1
9.8336,9.9947,9.8892,1
10.055,9.855,9.8739,1
9.9051,9.9786,9.8252,1
10.195,9.9876,10.041,1
9.9774,10.158,10.121,1
10.002,9.9811,10.199,1
10.074,10.163,10.089,1
10.008,9.827,9.9,1
9.974,10.018,10.197,1
9.997,10.191,10.059,1
10.037,10.096,9.8284,1
9.9192,10.106,9.8509,1
9.9757,10.07,9.8143,1
10.125,9.8953,10.116,1
10.108,9.9646,10.165,1
10.067,10.013,9.8121,1
9.9664,9.9827,10.196,1
10.127,10.137,10.071,1
10.034,10.139,9.8597,1
10,10,9.8,1
9.9911,9.991,9.8004,1
9.9444,10.009,10.192,1
10.056,10.004,9.8081,1
10.153,10.128,10.016,1
9.855,10.043,10.131,1
10.041,9.8682,9.8553,1
9.9874,9.8413,9.8789,1
10.184,10,9.9227,1
9.8738,9.8543,9.9467,1
10.022,9.9109,9.8222,1
9.9141,10.003,10.181,1
9.9645,10.129,10.149,1
10.018,9.9666,9.8036,1
10.009,10.189,10.065,1
9.9472,9.8092,10.028,1
9.9633,10.175,9.9112,1
9.8443,9.9319,9.8946,1
10.058,10.071,10.178,1
9.9972,9.8237,10.094,1
9.8174,10.066,10.047,1
10.034,10.191,9.9528,1
10.074,9.9291,10.172,1
9.8593,9.9775,10.14,1
9.995,10.004,10.2,1
10.077,10.125,10.136,1
9.9028,9.9236,9.8428,1
10,10,10.2,1
10.189,9.9635,10.053,1
9.8686,9.8825,9.9055,1
9.9696,9.9387,10.188,1
9.9098,9.8644,9.884,1
9.9775,10.012,10.198,1
9.9003,10.173,9.9842,1
10.005,10.044,9.8049,1
10.11,10.044,9.8389,1
9.9975,10.006,9.8001,1
9.9117,10.178,9.9778,1
10.19,10.062,10.01,1
10.07,10.039,9.8168,1
9.9955,9.9687,9.8025,1
9.9591,9.8045,9.9905,1
10.184,9.9264,9.9715,1
10.161,10.119,10.003,1
9.9038,10.111,9.8643,1
9.8541,9.9469,10.126,1
9.894,10.108,9.869,1
10.125,10.12,10.1,1
10.075,9.8953,10.153,1
10.029,10.041,10.194,1
10.035,10.113,10.161,1
10.033,9.947,10.19,1
9.8939,10.064,10.157,1
10.041,10.076,9.8194,1
10.135,9.854,10.022,1
9.8079,10.043,9.9653,1
9.9459,9.9064,9.8317,1
9.8284,9.8973,9.9968,1
10.078,10.02,10.183,1
10.082,9.9474,10.175,1
10.12,9.8518,9.9406,1
10.015,9.9887,9.8009,1
9.8541,10.131,9.959,1
9.9401,9.9824,9.81,1
10.137,10.017,10.145,1
9.8269,10.076,9.9346,1
10.184,10,10.077,1
9.8924,10.01,10.168,1
10.011,10.007,10.2,1
10.047,9.8968,9.8353,1
9.8992,9.8675,10.111,1
10,10,10.209,1
10.188,9.9107,10.023,1
9.9726,10.191,9.9192,1
10.077,10.057,9.8142,1
9.9446,10.02,10.201,1
9.8859,10.171,9.9637,1
10.162,9.9897,10.132,1
9.8314,9.8839,10.043,1
9.9148,9.8525,9.8787,1
10.075,10.165,9.8955,1
10.042,9.8273,10.11,1
9.9105,9.8194,9.9443,1
10.009,10.187,10.093,1
10.089,9.8749,10.142,1
10.01,10.009,10.209,1
10.041,9.8669,9.8442,1
10.13,9.8402,10.036,1
9.8459,10.035,9.8631,1
9.8436,9.9431,9.8734,1
10.064,9.9461,9.8085,1
10.032,9.8185,9.9013,1
9.9455,10.197,9.9572,1
10.151,9.8889,9.9071,1
10.113,9.963,10.172,1
9.9893,10.134,10.16,1
10.042,10.079,10.189,1
10.024,10.099,9.8173,1
10.133,10.085,10.137,1
9.9046,10.009,10.186,1
9.9758,9.9894,9.7926,1
9.8724,10.02,10.164,1
9.8142,10.096,10.003,1
10.044,9.9716,10.202,1
9.8692,10.103,10.127,1
10.028,9.9481,9.7994,1
10.075,9.8049,9.9901,1
9.8635,10.06,10.147,1
10.007,10.001,9.791,1
10.01,10.032,9.7935,1
10.162,10.01,9.8682,1
9.8575,9.9772,9.8487,1
10.18,10.086,9.9379,1
10.181,9.9274,9.9254,1
9.9986,10.006,10.209,1
10.027,10.038,10.204,1
9.963,9.8932,9.8241,1
10.089,9.9506,10.183,1
9.8451,10.139,9.9768,1
10.032,10.084,9.8112,1
9.8847,10.069,9.8398,1
10.14,9.848,9.9702,1
10.043,10.017,9.796,1
9.8603,9.8902,9.8898,1
10.021,10.026,10.206,1
9.9614,9.9913,10.205,1
9.8084,10.056,10.062,1
10.107,10,10.179,1
10.124,10,10.168,1
9.9431,10.165,9.8842,1
10.122,9.9765,9.8316,1
9.9237,10.182,10.068,1
9.9374,9.9059,10.176,1
9.9374,9.9816,9.8013,1
9.8564,9.9863,10.151,1
10.01,9.7918,10.017,1
9.984,10.021,10.207,1
9.9123,10.177,9.9316,1
10.063,10.101,9.8278,1
10.02,9.8168,10.099,1
10.184,10.048,9.9131,1
10.019,10.106,9.8206,1
10.019,10.006,10.208,1
9.791,9.9934,9.9967,1
9.9865,9.8302,10.121,1
9.9997,10.02,9.7919,1
9.8737,9.8542,10.081,1
10.029,10.027,9.7947,1
9.9375,9.9441,10.192,1
9.8309,9.9128,10.087,1
10.071,9.9909,9.8035,1
10,10,9.7909,1
10.169,9.9563,10.116,1
10.113,10.063,9.8356,1
9.9934,10.011,9.7913,1
10.2,10.038,9.9507,1
9.948,9.8117,10.075,1
9.9587,9.8027,10.056,1
9.8548,9.8525,10.03,1
10.151,9.8559,10.01,1
10.034,9.9446,10.199,1
9.9976,9.8464,9.8581,1
9.9889,9.9231,10.194,1
10.017,10.148,9.8533,1
10.022,9.9522,9.7976,1
9.93,9.833,10.105,1
9.8738,9.8341,9.9834,1
10.049,10.053,10.196,1
9.936,10.044,9.8059,1
9.8575,10.145,10.049,1
9.9087,10.105,10.156,1
9.8771,10.11,9.8571,1
10.022,9.9287,9.795,1
10.055,10,9.7888,1
10.165,10.138,9.9621,1
10.178,9.8854,9.9486,1
9.851,9.9108,9.8679,1
9.98,10.139,9.8329,1
9.9729,9.9787,9.7846,1
10.005,10.041,9.7858,1
9.9345,9.9244,9.8061,1
9.9965,10.218,10.003,1
10.03,9.9627,9.7872,1
9.8314,9.9839,10.138,1
9.8901,10.165,9.9094,1
10.167,9.8599,9.9896,1
10,10,10.218,1
9.8763,9.9961,10.18,1
9.8564,9.977,10.163,1
9.9199,10.035,9.8001,1
10.189,10.105,10.024,1
10.112,10,10.187,1
10.113,10.107,10.153,1
10.01,10.204,9.9221,1
10.095,10.07,10.184,1
10.102,9.8096,9.9689,1
10.068,9.9353,10.197,1
9.8675,10.135,9.8909,1
10.179,9.9534,10.115,1
9.9431,9.9422,9.7974,1
10.18,9.8998,10.071,1
10.099,10.107,9.8374,1
10.09,10.043,10.194,1
10.023,9.7974,10.078,1
9.9945,10.02,10.217,1
10.212,10.041,10.031,1
9.8148,9.9045,9.9352,1
9.9653,9.8998,9.8093,1
9.8531,10.033,9.8421,1
10.098,9.9606,10.191,1
10.036,10.203,9.9286,1
9.8091,9.9165,10.065,1
10.156,10.1,9.885,1
9.9941,10.004,10.218,1
10.003,10.013,10.218,1
9.9199,10.139,10.148,1
9.7906,10.034,10.051,1
9.8054,10.019,9.9031,1
9.9432,10.075,9.803,1
9.9865,9.997,9.7823,1
10.011,9.9824,9.7828,1
10.049,9.9636,10.209,1
9.9653,9.8342,9.8624,1
9.9496,9.8179,10.109,1
9.8868,9.9668,9.8165,1
9.9893,9.9745,9.7836,1
10.179,9.9147,10.091,1
10.148,9.8402,9.9827,1
9.9432,10.164,10.132,1
10.037,9.8489,9.847,1
9.9675,10.026,10.214,1
9.8836,10.134,10.127,1
10.02,10.065,10.207,1
10.007,9.9991,9.7819,1
9.8652,10.004,9.8285,1
9.9929,10.034,10.215,1
9.9772,9.8414,9.852,1
10.118,9.9614,9.8203,1
9.8585,10.051,10.158,1
9.9757,9.9509,10.211,1
10.043,10.061,10.205,1
9.9066,10.188,9.9419,1
9.8024,9.9281,10.058,1
10.176,10.046,10.121,1
10.078,10.204,9.9965,1
9.9588,9.9458,9.7927,1
10.026,10.056,9.7907,1
9.9889,9.8602,10.167,1
9.8799,9.8195,9.9758,1
10.076,9.8005,9.9553,1
9.9841,10.201,10.084,1
10,10,9.7818,1
10.101,10.189,10.038,1
9.8291,10.088,9.897,1
10.006,9.8708,10.176,1
10.217,9.9862,10.017,1
10.029,9.8376,10.143,1
9.7909,10.061,10.01,1
10.087,10.006,10.2,1
10.034,9.9262,10.203,1
9.8934,10.073,9.8243,1
10.016,9.9775,10.216,1
10.175,9.9664,9.8734,1
9.9326,9.8832,10.172,1
10.183,10.06,10.103,1
10.045,10.018,10.213,1
9.8342,9.8859,9.9157,1
9.8543,9.8697,10.097,1
9.9567,10.103,9.8128,1
10.135,10.166,10.045,1
9.9971,9.8184,9.8791,1
10.219,10.057,9.982,1
9.9416,9.8989,10.195,1
9.9697,9.9602,10.222,1
9.7833,9.9364,10.025,1
10.053,10.066,9.789,1
10.004,10.006,9.7728,1
9.9583,10.199,10.101,1
10.075,9.895,10.187,1
10.199,9.9346,10.088,1
10.012,10.008,10.227,1
9.8666,10.154,9.8991,1
10.165,10.138,9.9257,1
10.209,10.013,9.9122,1
9.9466,10.193,9.8927,1
10.171,9.9891,10.149,1
10.013,9.9665,10.224,1
10.099,9.9271,10.191,1
10.024,9.9844,10.225,1
9.9559,9.8727,10.183,1
9.9668,9.8415,10.159,1
10.223,10.043,10.011,1
9.9893,10.134,9.817,1
10.134,10.145,9.8864,1
9.9671,9.9856,9.7756,1
10.211,9.9156,9.9892,1
10.2,10,10.107,1
10.009,10.181,9.8624,1
10.056,10.054,10.214,1
9.9403,9.9311,9.7918,1
9.9217,9.8419,9.8567,1
10.11,9.8954,9.8306,1
10,10,10.227,1
9.8016,10.058,9.9056,1
9.9654,10.045,9.78,1
10.025,10.224,10.032,1
9.8297,9.8828,10.094,1
10.201,9.9044,9.9535,1
10.146,9.8422,10.074,1
10.056,10.147,9.8355,1
10.11,9.986,9.8014,1
9.9495,10.076,10.208,1
9.9054,10.164,9.8741,1
9.9966,10.217,9.9325,1
10.205,10.097,10.018,1
10.006,9.9869,9.7732,1
9.9404,9.7843,10.039,1
10.013,10.041,9.7768,1
10.033,10.063,9.7841,1
10.023,10.017,9.7746,1
10.034,9.8098,9.8802,1
9.8601,10.013,9.8214,1
10.009,9.8071,10.12,1
9.8946,9.9369,9.8088,1
10.156,10.02,10.164,1
9.8251,10.138,10.047,1
9.8795,9.8776,9.8512,1
10.206,10.068,10.067,1
9.9972,9.9933,10.227,1
9.9955,9.9431,10.22,1
9.8702,9.9331,9.8259,1
10.186,10.103,10.081,1
9.779,9.9646,9.9605,1
10.017,9.9861,9.7738,1
9.8702,10.067,10.174,1
9.9598,10.096,10.202,1
9.9988,9.9223,9.7864,1
10.091,10.199,10.061,1
10.134,9.8352,9.9189,1
10.02,10.008,10.226,1
9.9649,10.036,9.7783,1
9.9195,10.055,9.7948,1
9.9375,9.9859,10.218,1
9.7792,9.993,10.054,1
9.8513,9.883,10.126,1
10.025,9.8988,9.798,1
9.9677,10.225,10.004,1
9.9353,9.9028,9.805,1
9.7865,9.9223,9.9964,1
10.044,10.18,10.132,1
10.026,10.149,10.169,1
9.8351,10.026,10.154,1
9.8331,10.005,9.8458,1
10.067,9.7843,9.9748,1
9.9809,10.039,10.223,1
10.02,9.8203,10.138,1
10.045,9.9282,10.211,1
9.8244,9.9832,10.143,1
9.9817,9.8724,9.8128,1
10.127,10.178,9.9394,1
10.14,10,10.179,1
10.179,9.9535,9.8682,1
9.935,10.028,10.216,1
9.861,10.083,9.8406,1
9.815,10.067,10.114,1
9.9523,10.043,9.7819,1
10.097,9.9463,10.199,1
9.9278,10.209,9.9464,1
10,10,9.7727,1
9.8323,9.85,9.9677,1
10.096,9.9815,10.205,1
9.8713,10.131,9.851,1
10.121,10.149,10.137,1
9.8612,10.096,9.8342,1
9.8782,9.8763,9.8396,1
10.185,9.9644,10.143,1
10.048,9.954,10.227,1
9.8754,10.064,9.8097,1
10.236,9.985,9.9888,1
9.9523,10.228,10.041,1
9.9776,9.9979,10.235,1
9.943,10.017,9.7712,1
10.051,9.9045,10.21,1
9.7835,9.9052,9.9962,1
9.9884,10.028,10.234,1
10.178,10.046,10.149,1
9.8896,9.924,10.195,1
9.9963,9.7661,10.034,1
9.9144,10.077,10.207,1
9.9953,9.9408,10.229,1
10.118,10.113,10.171,1
10.058,9.8121,9.8691,1
9.9994,10.007,10.236,1
10.047,10.022,10.231,1
10.133,9.983,9.8053,1
9.906,10.163,9.8569,1
9.8236,10.077,9.8629,1
9.9714,9.8012,10.125,1
9.8698,9.8289,10.098,1
10.119,9.8082,9.9298,1
9.8952,10.212,10.011,1
10.095,10.006,10.217,1
9.998,10.007,9.7638,1
9.9476,9.8103,10.131,1
10.203,10.026,10.118,1
9.9784,9.9937,9.7647,1
10.062,10.025,9.7732,1
10.208,9.946,9.9018,1
10.015,9.9135,9.7806,1
10.15,9.8378,10.084,1
9.9211,10.018,9.7779,1
10.084,10.157,10.155,1
9.8859,9.9585,10.203,1
10.214,10.07,10.07,1
10.22,9.9278,9.9516,1
10.024,9.7833,9.9087,1
10.011,10.233,9.959,1
10.092,9.7992,9.9156,1
10,10,10.236,1
10.176,10.129,10.091,1
9.7993,10.12,9.9664,1
9.8209,10.141,10.063,1
9.7943,9.9671,9.8884,1
9.9292,9.8936,10.199,1
10.084,10.219,10.026,1
10.19,9.9239,9.8818,1
10.088,9.8762,10.181,1
9.8457,9.8219,9.9813,1
10.118,9.9134,10.186,1
10.033,10.018,10.233,1
9.8917,10.003,9.7899,1
9.9307,10.2,10.105,1
9.9712,10.043,9.7694,1
9.8609,10.183,10.056,1
9.9836,10.114,9.7935,1
9.7743,9.949,10.048,1
9.8042,10.071,10.112,1
10.054,10.221,9.937,1
9.9201,9.9372,10.213,1
10.009,10.012,10.236,1
9.8897,10.127,10.166,1
10.034,10.029,9.7679,1
9.9963,10.235,9.9738,1
10.041,10.233,10.004,1
10.14,10,10.19,1
9.9187,9.9513,9.7835,1
10.115,9.9451,9.8012,1
9.9398,9.9461,10.222,1
10.037,10.007,9.7666,1
10.141,9.8266,10.077,1
10.23,10,9.9443,1
9.9933,9.9866,9.7641,1
10.039,10.063,10.225,1
10.037,9.8468,9.8238,1
10.169,10.109,9.8754,1
9.855,9.9253,9.8289,1
10.146,9.9061,10.16,1
9.9126,10.008,10.219,1
9.9413,9.8599,9.8189,1
10.008,9.8216,9.8452,1
10,10,9.7636,1
10.185,9.897,9.895,1
9.7673,10.037,10.019,1
10.019,10.041,10.232,1
9.9269,9.7889,9.9227,1
10.052,9.8635,9.8142,1
10.008,10.073,9.7754,1
10.047,10.15,10.176,1
9.9492,9.912,9.7866,1
10.023,9.9808,9.7655,1
10.082,10.089,9.7972,1
9.9627,9.9509,9.7624,1
10.157,9.8296,10.08,1
10.126,10.203,9.9421,1
10.049,9.7973,10.129,1
10.139,10.15,10.136,1
10.24,9.9537,10.019,1
10.007,10.004,10.245,1
10.068,10.219,10.088,1
10.123,10.117,10.178,1
10.22,9.8952,9.9728,1
10.007,9.9976,9.7547,1
10.229,10.059,9.9346,1
10.237,10.046,10.043,1
9.9017,9.9323,10.214,1
9.934,9.9481,9.7693,1
10.006,10.054,9.7606,1
9.827,9.9492,9.8335,1
9.9917,9.9701,9.7565,1
9.911,9.9799,9.7721,1
9.8649,10.203,10.027,1
9.8481,10.175,9.9197,1
9.9961,9.7549,10.012,1
9.8462,10.056,9.8171,1
10.01,9.8003,10.142,1
10.02,10.013,9.7557,1
9.849,10.014,10.193,1
9.9377,9.82,9.8452,1
9.9181,10.018,10.231,1
10.04,10.056,10.236,1
10.112,9.9929,10.218,1
9.8416,10.142,10.123,1
10.198,10.065,9.8706,1
10.043,9.8885,9.7855,1
9.8306,9.9383,10.167,1
9.9823,10.223,9.898,1
9.9931,9.9861,10.245,1
10.145,10.009,9.8023,1
9.789,10.062,10.109,1
9.9898,9.9882,9.755,1
10,10,9.7545,1
10.102,10.191,9.8841,1
10.018,10.104,10.222,1
9.8773,9.7875,9.9961,1
9.8699,9.8678,10.161,1
10.123,9.8484,9.8514,1
9.962,10.182,9.8393,1
10,10,10.245,1
9.9728,10.028,10.242,1
10.181,9.9274,10.149,1
9.9821,9.7743,9.9052,1
10.019,9.8261,9.8278,1
10.204,10,9.864,1
9.8861,9.9318,9.7935,1
10.044,9.9679,10.239,1
9.8442,10.025,10.188,1
10.011,10.234,9.9271,1
10.075,9.9367,10.225,1
9.9234,10.002,10.233,1
9.9398,10.047,9.7668,1
10.09,9.8321,10.155,1
10.092,9.8514,10.172,1
9.915,10.203,9.891,1
9.7645,9.9623,10.058,1
10.227,10.091,9.9805,1
9.937,10.109,10.211,1
9.8974,10.135,9.8224,1
10.204,9.8686,9.9651,1
10.098,9.7848,10.065,1
9.8545,10.075,10.183,1
10.037,9.8796,9.7894,1
10.209,9.9457,10.116,1
9.8641,9.7957,10.004,1
9.9678,10.093,9.7751,1
10.053,10.044,9.7645,1
9.7754,9.9017,9.9883,1
9.7989,10.12,10.073,1
9.8876,9.9964,9.7818,1
9.7851,9.8892,9.9574,1
10.026,9.8506,9.8071,1
10.076,9.9272,9.7784,1
9.9574,10.019,9.759,1
9.9405,10.215,10.102,1
9.851,9.8667,9.8576,1
9.9964,10.226,10.095,1
9.8679,9.9874,10.206,1
10.126,10.06,9.7978,1
9.987,9.9097,10.228,1
10.227,10.029,9.9124,1
10.034,10.141,10.198,1
10.088,10.108,10.202,1
9.9056,10.19,9.8773,1
9.9658,10.238,9.9497,1
10.017,10.043,10.241,1
10.01,10.021,10.244,1
10.127,10.094,9.812,1
10.061,9.9922,10.238,1
10.139,9.8043,10.05,1
9.988,9.9713,10.243,1
9.7999,10.138,10.035,1
10.039,10,9.7576,1
9.9293,10.204,9.8658,1
10.143,9.9204,9.805,1
9.972,10.049,10.248,1
10.006,9.8764,10.222,1
9.9845,10.005,9.746,1
10.153,10.189,9.9244,1
10.032,9.9762,10.251,1
9.9943,10.071,9.7558,1
10.057,9.8748,10.214,1
10.005,9.9934,10.254,1
9.849,9.9557,10.2,1
10.131,9.7883,10.052,1
10.054,9.9859,9.7517,1
9.8704,9.9108,9.7999,1
10.027,10.113,10.226,1
9.8814,10.093,9.795,1
9.902,10.234,9.9798,1
9.9474,9.8096,9.8395,1
10.085,9.9835,10.239,1
10.079,9.7941,9.8727,1
9.9989,10.008,9.7456,1
9.8236,9.8613,10.12,1
9.9099,9.896,9.7859,1
9.7605,10.023,10.083,1
9.8041,9.899,10.127,1
10.21,10.027,9.859,1
10.134,10.216,9.9879,1
9.8998,9.9561,10.23,1
10.095,10.08,9.7776,1
10.111,10.207,10.098,1
10.245,10.064,9.9718,1
10,10,9.7455,1
9.9617,10.183,9.8273,1
10.202,10.149,10.044,1
9.9961,10.243,10.076,1
10.064,10.004,9.7536,1
10.168,10.067,9.8214,1
9.8121,10.129,9.887,1
10.199,10.038,9.8458,1
10.02,9.975,9.7475,1
10.2,10.129,9.9092,1
10.242,10.079,10.012,1
10.215,9.8978,10.091,1
10.008,10.17,10.19,1
9.9968,9.9599,9.7487,1
9.7625,10.038,9.9167,1
10.076,9.757,10.004,1
10.019,9.8254,9.8158,1
10.095,10.09,9.7816,1
10.004,9.9843,10.254,1
9.7686,9.9927,10.106,1
9.8809,10.121,9.8103,1
9.9322,9.8041,9.8523,1
10.145,10.204,9.9558,1
9.8941,9.8924,10.205,1
10.144,9.8443,10.141,1
10.028,10.25,10.036,1
10.18,9.8491,9.9017,1
9.8934,9.8398,9.8333,1
10.232,10,9.8943,1
9.7895,10.126,9.9322,1
9.7587,10.054,10.06,1
9.9026,9.9128,10.218,1
9.9337,10.087,9.7702,1
9.9876,9.9703,10.252,1
10.055,9.8972,9.7738,1
9.7862,9.872,9.9479,1
9.829,10.088,10.167,1
9.964,9.8281,10.184,1
9.7537,9.9765,9.94,1
9.7607,9.9459,10.068,1
9.958,10.085,10.236,1
10.021,10.068,10.244,1
9.9519,10.002,9.7501,1
9.9182,9.8583,10.195,1
10.086,10.189,10.148,1
10,10,10.255,1
9.9055,10.109,9.7903,1
10.144,9.9908,10.21,1
9.859,10.212,9.996,1
9.9936,10.023,9.7466,1
9.8209,9.9713,10.179,1
10.028,10.074,9.7582,1
10.172,10.186,10.02,1
9.9719,9.8044,10.161,1
9.9004,9.799,9.8798,1
9.9041,10.035,10.233,1
9.9984,9.898,9.7668,1
10.014,9.9218,10.242,1
9.9778,10.01,10.253,1
10.228,10.109,10.028,1
10.083,10.046,9.7637,1
10.174,9.9305,10.173,1
9.9547,9.9835,10.25,1
10.063,9.9399,9.7608,1
10.215,9.9726,10.134,1
9.8773,9.8388,10.154,1
10.044,10.248,9.9638,1
10.217,9.9288,10.113,1
9.9524,10.043,10.246,1
10.009,10.188,10.185,1
10.147,10.108,9.8092,1
10.044,9.9757,9.7411,1
10.025,9.8596,10.222,1
10.035,10.023,10.26,1
10.108,9.8261,10.166,1
9.8935,10.084,9.7738,1
10.037,9.8481,9.7877,1
9.9926,9.985,9.7369,1
10.232,10,9.8755,1
10.069,10.058,9.7523,1
9.9852,10.03,10.262,1
10.245,10.081,9.946,1
9.9727,10.031,9.7397,1
9.9198,9.9819,10.25,1
9.8861,10.059,10.23,1
9.9013,9.8703,10.207,1
9.7963,9.9805,9.8338,1
10.079,10.127,10.217,1
9.7928,9.9669,10.16,1
9.9205,9.9192,9.762,1
10.093,9.7575,9.9542,1
10.208,9.847,10.054,1
9.8128,9.9319,10.173,1
10.058,10.239,10.094,1
10.012,9.7462,9.9297,1
10.085,9.8949,10.226,1
9.9073,9.7788,9.8905,1
9.8724,10.012,9.7696,1
9.8686,9.7724,10.021,1
10.059,10.19,9.8274,1
9.9294,9.9577,9.7495,1
9.946,10.258,9.9958,1
10.036,9.8846,9.7657,1
9.9813,9.7645,10.117,1
9.9461,9.7422,10.013,1
9.7908,9.9085,10.132,1
10.096,9.9815,10.245,1
10.245,10.047,10.086,1
10.153,9.7855,9.9875,1
9.8408,9.8162,10.102,1
10.098,9.9607,9.7585,1
10.024,10.062,10.255,1
10.023,9.7915,9.8403,1
9.7855,10.078,9.8682,1
9.9976,9.8505,9.7828,1
9.9794,10.014,9.7376,1
10.215,10,10.153,1
10.062,9.9598,10.253,1
10.259,9.9835,10.046,1
10.208,10.083,9.861,1
10.057,10.106,10.234,1
9.7949,9.8387,9.9625,1
9.7868,9.8901,10.11,1
10.101,9.8107,9.8471,1
9.8741,10.218,10.078,1
10.052,10.025,10.257,1
9.7484,10.008,9.9217,1
9.8857,10.116,9.7928,1
9.9973,10.008,10.264,1
9.7501,10.056,9.9378,1
10.103,10.098,9.7782,1
9.9102,10.214,10.125,1
9.8581,9.7867,10.062,1
9.9929,9.9506,10.259,1
10,10,9.7364,1
10.23,10.128,10.004,1
10.234,9.9232,9.9059,1
9.86,9.8747,9.8151,1
9.8413,10.208,10.029,1
9.9965,10.219,10.146,1
9.8064,9.9939,9.8211,1
9.9629,10.258,10.038,1
9.7948,10.09,10.139,1
10.006,10.058,9.7428,1
10.008,9.9989,9.7365,1
10.192,10.025,10.179,1
9.9388,9.9579,9.747,1
10.037,9.918,10.248,1
9.9323,9.7551,10.07,1
10.077,9.9168,10.238,1
10.237,9.887,9.9791,1
10,10,10.264,1
10.157,10.193,9.9138,1
9.8264,10.028,9.8035,1
10.169,10.011,10.202,1
9.9026,10.146,10.196,1
9.9876,10.156,10.212,1
9.7734,10.067,9.8829,1
10.011,10.065,9.7448,1
9.9405,9.8281,10.191,1
10.186,9.8437,9.8981,1
10.123,9.8831,9.798,1
10.102,10.027,10.242,1
10.041,10.089,9.7552,1
9.9751,10.022,9.7385,1
10.01,10.014,10.263,1
9.9415,10.212,9.854,1
10.024,9.9937,10.262,1
9.7486,9.9262,9.9708,1
10.214,10.119,9.8789,1
10.129,10.24,10.004,1
9.9929,9.9662,10.271,1
10.026,10,10.271,1
9.9152,9.8885,9.766,1
9.9011,9.9777,10.253,1
10.184,10.176,10.097,1
9.9529,10.071,10.259,1
10.084,9.9839,9.7409,1
10.181,10.086,9.815,1
9.8312,9.8052,10.089,1
9.9367,9.9564,9.7383,1
9.8399,10.11,9.8087,1
9.998,10.125,10.242,1
9.8314,9.8287,9.8712,1
10.179,9.9413,10.197,1
9.774,9.9784,9.8489,1
10.03,10.173,10.209,1
10.05,10.161,9.7856,1
10.009,10.001,10.273,1
10.153,9.9017,10.203,1
10.011,9.7599,10.129,1
9.9276,10.262,9.9784,1
10.046,9.9497,9.736,1
9.8006,10.019,10.185,1
9.9973,10.034,9.7295,1
9.9132,10.1,10.238,1
10,10,10.273,1
10.016,10.067,10.264,1
9.7901,9.8918,9.8636,1
9.895,10.251,10.022,1
9.8583,10.062,9.7754,1
10.209,9.9004,9.8562,1
9.9661,10.027,9.7307,1
10.013,10.267,9.9441,1
10.171,10.21,9.9698,1
9.8464,10.137,10.179,1
9.9294,9.7445,9.9357,1
10.051,9.9935,10.268,1
9.7455,9.9593,9.9108,1
9.835,10.217,9.987,1
9.9308,10.2,10.172,1
10.041,10.044,10.266,1
10.247,10.064,9.9027,1
9.9957,9.7301,10.039,1
9.86,9.9956,10.234,1
10.052,9.8326,9.7911,1
10.177,9.8314,10.121,1
10.007,10.016,9.7278,1
10.076,10.01,10.262,1
10.042,10.008,10.269,1
10.258,10.085,10.03,1
9.794,10.106,10.144,1
10.143,9.963,10.229,1
10.124,9.7683,9.9273,1
10.102,9.8348,10.191,1
10.024,9.7843,9.8348,1
9.8769,9.815,9.8418,1
10.253,9.8988,10.013,1
10.032,9.8209,9.7967,1
9.9962,10.008,9.7274,1
9.9518,9.8607,9.7706,1
10.09,9.9247,9.7537,1
9.8994,10.06,10.246,1
9.9185,9.9271,10.25,1
9.8942,10.183,9.828,1
10.06,9.9962,9.734,1
9.9557,9.9735,9.7322,1
9.9803,9.7527,10.113,1
10.126,9.8232,10.165,1
10.069,9.9151,9.7502,1
9.7539,9.8923,9.9526,1
10.002,10.017,10.272,1
9.848,10.055,9.7804,1
9.9013,9.8009,10.158,1
10.19,10.159,9.8867,1
9.7373,10.008,10.073,1
10,10,9.7273,1
10.006,9.9748,9.7285,1
9.7364,10.042,10.056,1
9.9227,9.8661,10.225,1
9.9642,10.249,9.8946,1
10.078,9.8288,9.8026,1
10.206,9.8852,10.136,1
10.036,10.095,9.7468,1
9.8448,9.9544,10.22,1
10.095,9.7524,10.064,1
10.075,9.9447,9.7437,1
10.144,10.232,9.9957,1
9.8173,10.186,9.919,1
9.7501,10.073,10.081,1
10.101,10.074,9.7576,1
9.799,10.045,9.8214,1
9.8675,9.8958,10.214,1
9.9123,9.9681,10.256,1
10.227,10.146,9.9612,1
10.146,10.205,10.105,1
10.269,10,10.047,1
10.123,10.049,9.7617,1
9.9123,9.7906,10.151,1
9.8477,9.9952,9.7629,1
9.8957,9.99,10.262,1
10.002,9.9912,9.7183,1
10.067,10.057,10.268,1
9.7577,9.9453,9.8669,1
9.9635,9.8679,9.7537,1
10.038,10.215,9.8223,1
10.209,10.134,10.133,1
9.7764,10.098,10.141,1
9.8805,10.241,9.9163,1
9.9461,10.258,10.101,1
10.03,10.265,9.9078,1
10.235,9.8692,10.084,1
9.8183,10.21,10.049,1
9.7946,9.9101,10.171,1
10.095,10.018,9.7352,1
10.207,10,9.8088,1
10.208,9.9317,10.178,1
9.7352,9.9036,10.004,1
9.9097,10.081,10.254,1
10.018,9.9989,9.7187,1
9.7832,10.149,9.8994,1
9.9762,10.012,9.7195,1
9.8553,10.005,9.7582,1
9.9608,10.059,10.273,1
10.17,9.8381,9.8439,1
9.9216,10.013,9.7296,1
9.9603,9.7239,9.9599,1
10.281,10.018,9.9955,1
10.232,10.06,9.8514,1
9.8328,10.049,10.222,1
10,10,9.7182,1
10.269,9.9303,9.9511,1
10.253,10.083,10.092,1
10.162,10.199,10.117,1
10.061,10.253,10.109,1
9.8988,9.867,10.227,1
10.044,9.9916,10.278,1
10.007,9.9837,10.281,1
9.9254,10.027,10.27,1
9.8595,9.7567,9.9777,1
10.13,9.7569,10.058,1
10.12,10.067,10.246,1
9.9651,9.9597,9.7233,1
9.8985,9.9202,10.25,1
9.9807,10.243,9.8591,1
9.8761,9.9636,9.7495,1
10.01,10.207,10.191,1
10.022,9.8067,9.796,1
9.9972,9.9644,9.7204,1
9.9166,9.8316,9.79,1
10.192,10.092,10.185,1
9.8079,9.8048,9.9336,1
9.8997,9.8492,10.216,1
10.211,9.973,9.8154,1
9.735,10.06,9.9249,1
9.9982,9.887,9.7418,1
10.133,10.187,10.163,1
10.105,10.23,10.125,1
10.05,10.02,10.277,1
10.124,9.8006,10.156,1
10.25,10.032,9.8749,1
10.089,9.9642,10.265,1
9.8629,9.9179,9.7679,1
9.9031,10.058,10.258,1
10.145,10.139,10.198,1
10.037,10.098,9.7384,1
9.9217,9.7737,10.149,1
10,10,10.282,1
10.149,9.7912,9.8829,1
9.8646,9.9302,10.237,1
10.056,9.9733,10.275,1
9.7274,10.026,10.066,1
10.117,9.9142,10.242,1
10.146,10.107,9.7841,1
10.101,9.876,10.232,1
9.7728,9.8436,9.9423,1
10.042,10.078,9.7323,1
9.9734,9.9762,10.28,1
10.214,9.8207,10.04,1
10.068,10.219,9.8365,1
10.003,9.938,9.7251,1
10.062,9.8373,9.7785,1
10.281,10,9.9866,1
10.044,9.8174,10.21,1
9.8299,10.224,10.022,1
9.9789,10.017,10.281,1
9.9989,10.071,9.7272,1
9.9354,9.8459,9.7731,1
9.9079,10.266,10.013,1
9.9402,10.216,9.8293,1
10.006,9.9934,10.282,1
9.915,10.086,9.7455,1
9.8996,10.24,9.8911,1
10.132,10.143,10.204,1
9.9426,9.7259,10.031,1
9.9937,10.044,9.7217,1
9.8017,9.9683,9.8023,1
10.081,9.7406,10.075,1
10.236,9.8486,9.9688,1
9.9732,10.077,10.279,1
10.214,9.8982,9.8313,1
10.101,9.7359,10.069,1
9.9908,9.984,10.29,1
10.121,9.9686,10.263,1
10.218,10.028,9.8095,1
10.187,10.202,10.095,1
9.8747,10.046,9.7414,1
10.237,10,10.169,1
10.157,9.9126,9.7713,1
9.9782,10.079,9.7209,1
9.8524,10.024,10.25,1
9.8107,10.218,9.9678,1
10.262,9.8949,9.9314,1
9.9295,9.7449,10.121,1
9.9877,10.025,10.29,1
10.146,10.058,10.245,1
10.012,10.252,9.8545,1
9.9806,9.9803,9.7104,1
10.022,10.07,10.282,1
9.7651,9.8972,10.137,1
9.9472,10.036,10.284,1
10.137,10.256,9.9769,1
9.8256,9.7709,10.041,1
10.113,10.14,10.229,1
10.168,10.16,9.8238,1
10.252,10,10.145,1
10.01,9.7995,10.211,1
10.229,9.8531,10.104,1
9.9224,9.8148,9.7895,1
10.004,10.037,9.7114,1
9.8955,10.137,10.234,1
10.044,9.9857,9.7127,1
9.9496,10.04,9.7162,1
9.997,9.9913,10.291,1
9.832,9.8679,9.8026,1
10.013,9.9873,9.7097,1
9.7735,10.099,9.8466,1
10.031,9.9662,10.287,1
10.079,9.7473,9.8792,1
10.187,9.9881,10.223,1
9.7226,10.081,10.032,1
9.9956,9.7222,10.086,1
10.009,9.9988,9.7092,1
9.9814,9.9112,10.276,1
10.102,10.057,10.267,1
10,10,9.7091,1
9.9466,10.255,10.129,1
9.9586,10.288,9.9862,1
10.137,9.7444,10.023,1
9.8852,10.173,9.7959,1
9.9673,10.017,10.289,1
9.7594,10.144,10.078,1
10.193,10.092,10.197,1
9.9774,10.284,10.06,1
9.9273,9.9931,9.7184,1
9.8413,9.7615,10.051,1
10.215,9.8198,9.9225,1
10.021,10.088,9.7236,1
9.7166,10.064,10.014,1
10.12,9.9114,9.7504,1
9.8416,10.161,9.8166,1
10.05,9.7164,9.9586,1
9.7447,10.024,9.8626,1
9.8643,9.9602,10.254,1
9.9007,9.9111,10.259,1
10.018,9.8361,10.24,1
9.9991,10.055,9.7143,1
9.9109,9.9387,9.7299,1
9.9029,9.9781,10.273,1
10.184,9.9646,9.7772,1
10.087,10.064,10.27,1
10.057,9.7646,9.8389,1
9.9558,9.9109,9.7266,1
10.12,10.169,10.204,1
9.8848,9.9816,9.7335,1
9.7803,10.007,10.191,1
9.8871,10.196,10.183,1
9.9776,9.8443,9.7553,1
9.7284,9.9914,9.8962,1
10.173,9.7866,9.9049,1
10.048,10.274,9.9136,1
10.151,9.7877,9.8708,1
10.153,9.7528,10.005,1
10.103,10.225,10.153,1
10.194,10.012,10.217,1
10.277,10.072,9.9495,1
9.9808,9.7586,10.161,1
9.8889,9.9427,9.7373,1
9.8963,10.247,9.8876,1
10.271,10.089,9.9404,1
9.8554,10.129,9.7832,1
9.7504,9.8506,9.9954,1
9.9483,9.9812,10.286,1
9.8243,9.7972,10.112,1
10,10,10.291,1
10.177,10.149,10.176,1
10.069,9.8499,9.7604,1
10.075,10.12,9.7458,1
10.145,10.093,9.7657,1
10.017,9.9458,9.7054,1
10.059,10.243,9.8338,1
10.071,9.7094,10.024,1
10.169,9.8393,9.8108,1
9.8883,9.7333,9.9201,1
9.7896,9.7862,10.005,1
9.9784,9.728,9.8754,1
10.123,10.27,9.9573,1
10.149,10.241,9.9019,1
10.028,9.9946,10.299,1
10.294,10.057,10.014,1
9.8488,9.922,10.247,1
9.963,9.9916,10.298,1
9.8705,9.8299,9.7896,1
10.23,10.193,9.9857,1
9.7481,9.8492,10.061,1
10.007,9.9343,9.7074,1
10.079,10.051,9.715,1
9.9043,10.057,10.279,1
9.7065,9.9907,9.9386,1
9.9647,9.9684,9.7038,1
10.022,10.127,10.271,1
9.8293,9.9499,10.242,1
9.8548,9.9861,10.262,1
9.9827,9.9173,10.288,1
9.721,9.8984,10.043,1
9.8632,10.013,9.7333,1
9.8412,9.8907,9.7702,1
10.296,10.038,9.9667,1
10.128,10.18,10.204,1
9.9656,10.124,9.7291,1
10.189,9.7679,9.9762,1
9.8168,9.9198,9.7764,1
10.274,9.965,10.116,1
10.209,10.154,10.15,1
10.195,9.8361,10.158,1
9.7855,9.8313,10.125,1
9.9781,10.052,10.295,1
9.8966,9.7914,10.189,1
9.979,10.264,9.8583,1
9.7692,10.159,10.107,1
10.089,9.8745,9.7426,1
10.216,9.8974,9.8183,1
9.7827,10.194,9.9293,1
10.12,9.9924,9.7252,1
9.8599,10.243,9.8929,1
10.094,9.9397,9.7215,1
10.008,10.162,9.7476,1
9.9389,10.292,10.033,1
10.277,9.909,10.071,1
10.102,10.007,9.7181,1
9.9987,10.085,9.7122,1
10.198,9.8898,10.196,1
9.9827,10.023,9.7014,1
9.9643,10.013,9.7024,1
9.9432,10.085,10.282,1
9.9715,9.802,10.224,1
10.274,10.071,10.098,1
9.7587,9.9614,9.826,1
10.131,10.043,10.267,1
10.12,9.7753,9.8418,1
9.933,10.035,10.29,1
10.11,10.119,10.252,1
9.9938,10.007,9.7002,1
10.123,10.229,9.85,1
9.9677,10.224,9.8035,1
10.194,9.7896,9.9109,1
10,10,9.7,1
10.259,10.123,10.089,1
9.8301,10.074,9.7642,1
9.7603,10.07,10.166,1
10.017,10.009,9.7006,1
10.065,10.21,9.7964,1
10.269,10,9.8668,1
10.107,9.7198,9.9952,1
10.134,10.128,10.236,1
10.167,10.205,10.142,1
10.013,9.7315,10.133,1
10.017,10.044,10.296,1
9.9751,9.9098,10.285,1
9.9895,9.9842,10.299,1
10.268,10.107,10.08,1
10,10,10.3,1
10.09,9.8554,9.7529,1
9.9095,10.261,9.8841,1
10.12,10,10.275,1
9.9969,9.8072,10.23,1
9.9507,9.9431,9.7096,1
9.9347,10.01,10.293,1
10.167,9.8773,10.217,1
9.8919,10.11,10.257,1
9.7981,10.046,9.7829,1
9.9905,10,10.3,1
9.9418,9.8319,9.7584,1
10.102,9.7777,10.174,1
9.8523,9.7441,9.9479,1
10.207,9.9463,10.21,1
9.8123,10.148,10.182,1
9.8688,10.265,10.052,1
10.135,9.9458,9.7378,1
10.092,10.129,10.265,1
10.163,9.7377,10.015,1
10.227,10.014,9.7903,1
10.061,10.197,10.23,1
9.8215,9.8596,10.21,1
9.9759,10.303,9.9463,1
9.8167,10.164,10.187,1
10.017,9.9544,9.6948,1
9.9917,10.058,9.6965,1
10.037,9.8817,9.7168,1
9.843,10.057,9.74,1
9.913,10.003,9.7034,1
10.261,9.8759,10.11,1
9.9632,9.9866,10.307,1
10,10,10.309,1
10.033,10.188,9.757,1
10.017,9.9905,10.308,1
9.9978,9.8584,9.7253,1
10.255,10.033,10.171,1
9.8699,10.15,10.237,1
9.9264,10.111,9.7209,1
10.108,10.283,10.063,1
10.015,9.6916,9.9853,1
10,10.01,10.309,1
9.9655,10.07,9.7008,1
10.153,10.085,9.7454,1
10.032,9.9768,9.6934,1
10.01,9.9988,9.6911,1
9.8379,10.213,10.155,1
10.249,9.9354,9.8288,1
10.071,10.132,10.27,1
10.062,10.255,10.163,1
10.284,9.8863,9.956,1
9.9593,10.194,9.7632,1
9.7086,10.047,9.9082,1
9.7802,9.9038,9.8051,1
9.766,9.9471,10.195,1
9.764,10.069,9.8128,1
9.9129,9.9401,10.29,1
10.144,9.7303,10.044,1
9.8413,9.995,9.7348,1
9.8755,9.8886,10.26,1
9.9664,10.08,10.297,1
9.7588,9.8556,10.128,1
9.9518,9.9165,9.7063,1
10.003,10.029,9.6923,1
9.7666,9.8797,9.837,1
10.071,9.706,9.9367,1
9.9432,9.7944,9.7763,1
10.161,9.7744,9.8627,1
10.237,9.8013,10.005,1
10.047,9.7317,10.146,1
10.021,9.9797,10.308,1
10.264,10.068,9.854,1
10.209,10.226,10.024,1
9.7759,10.176,10.119,1
9.8231,9.7676,10.101,1
9.9971,10.183,9.7511,1
10.115,10,10.287,1
9.8934,10.185,10.224,1
10.123,10.198,9.7976,1
10.247,10.048,10.179,1
9.8718,9.7413,9.8897,1
9.707,10.066,10.073,1
10.303,9.9417,9.9755,1
10.096,10,10.294,1
9.9841,9.924,10.299,1
10.215,10.181,9.8716,1
10.005,9.9515,10.305,1
9.9213,10.284,10.092,1
9.9395,10.031,10.301,1
9.9832,10.01,9.6915,1
10.107,10.079,10.279,1
9.7982,10.088,9.7832,1
10,10,9.6909,1
9.8995,9.7097,9.9657,1
10.212,10.136,9.8207,1
10.118,10.259,9.8806,1
9.928,10.208,10.217,1
10.264,10.126,9.8989,1
9.8554,10.147,9.7696,1
9.8856,9.9891,9.713,1
9.835,9.752,9.9176,1
9.847,9.8235,10.202,1
9.7335,10.025,9.8455,1
9.8811,9.9651,10.283,1
10.138,10.132,10.243,1
10.095,9.8834,9.7299,1
10.202,9.7812,10.082,1
9.6948,9.9512,9.9951,1
10.263,9.9136,10.137,1
9.9861,9.8253,10.255,1
10.189,10.233,9.9271,1
10.028,9.9381,9.6985,1
10.307,9.9805,10.034,1
10.049,9.9684,10.304,1
10.283,10.113,10.054,1
9.9006,9.8991,10.275,1
9.9292,9.831,10.249,1
10.1,10.033,9.7095,1
9.7393,10.156,9.9055,1
9.7834,10.17,9.8409,1
9.999,10.06,10.312,1
9.7431,9.8876,10.15,1
9.9559,10.089,9.6977,1
10.015,9.6825,9.9849,1
10.249,9.8614,9.8587,1
10.131,10.125,9.7379,1
10.268,10.128,10.114,1
10.052,10.213,10.23,1
9.981,10.007,10.318,1
10.176,10.247,10.094,1
9.9787,10.077,9.692,1
9.6878,10.05,10.035,1
9.9974,9.8366,9.727,1
10.092,9.9412,9.701,1
10.268,10.149,10.085,1
9.9901,10.029,10.317,1
10.086,9.7754,9.7916,1
9.9804,10.246,9.7994,1
10,10,10.318,1
10.088,10.231,10.201,1
10.022,9.8744,9.7085,1
10.063,9.9699,9.6896,1
9.9647,10.036,10.314,1
10.213,9.9449,9.7697,1
10.086,9.8939,10.287,1
10.265,9.894,10.141,1
10.179,10.059,9.7438,1
10.225,9.8114,9.8771,1
10.033,10.073,10.308,1
9.9313,9.8614,10.278,1
9.9569,9.9742,9.6858,1
10.032,10.104,10.299,1
9.9384,9.7057,10.104,1
9.9582,10.29,10.123,1
10.044,10.249,10.193,1
9.8255,9.7378,9.9547,1
9.9176,9.702,10.075,1
9.8627,9.8195,10.223,1
10.119,9.8334,10.244,1
10.259,9.9836,9.8154,1
9.935,9.925,10.302,1
9.9934,9.9809,9.6825,1
9.7349,10.116,10.132,1
9.8114,10.006,10.256,1
10.204,10.221,9.8959,1
10.114,10.14,10.262,1
10.314,10.04,9.9647,1
9.9621,9.9862,9.6844,1
10.309,10,9.925,1
9.9917,9.9943,9.682,1
10.014,10.297,9.8864,1
10.271,10.07,9.8497,1
9.9883,10.028,9.6833,1
10.125,10.234,9.8238,1
10,10,9.6818,1
10.15,9.7196,10.005,1
9.8411,10.275,10.015,1
10.091,10.146,9.7323,1
9.9623,9.7378,10.176,1
9.9844,9.9628,10.316,1
10.212,10,9.7629,1
9.9551,9.9598,9.6876,1
9.9795,9.7416,10.185,1
10.218,10.16,9.8322,1
9.6947,9.9708,9.9152,1
9.8067,9.8036,10.159,1
9.9816,10.088,9.6947,1
10.255,9.8119,9.9748,1
9.7298,9.9914,10.168,1
10.169,9.8387,10.216,1
9.8208,10.16,10.208,1
10.296,9.9028,10.065,1
10.251,9.9679,9.8073,1
10.201,9.9613,9.7563,1
10.119,10.099,9.722,1
10.069,9.7768,9.7841,1
10.067,9.8916,10.291,1
9.9017,9.8297,9.7499,1
10.017,9.9319,10.31,1
9.7201,9.8557,10.045,1
10.269,10.108,9.8678,1
9.7181,10.145,10.025,1
9.6944,10.069,10.055,1
9.8799,10.083,10.283,1
10.015,9.8641,9.7127,1
9.9295,9.9446,10.305,1
10.132,9.7106,9.995,1
10.01,10.001,10.318,1
10.116,10.022,9.7046,1
9.8958,10.137,10.268,1
10.144,9.8442,10.237,1
10.262,10.168,9.9348,1
9.8432,10.046,10.273,1
9.8515,10.171,9.7768,1
9.9192,10.121,9.7172,1
9.8823,10.011,10.295,1
9.8058,9.9689,10.25,1
9.6944,9.931,9.9447,1
9.8556,9.7086,10.036,1
10.113,10.045,9.6962,1
10.088,10.164,9.7304,1
9.9263,9.9032,10.304,1
9.9828,10.026,10.326,1
9.9332,10.319,9.9741,1
9.808,10.222,10.145,1
9.8062,10.116,9.7631,1
9.8749,9.9016,10.286,1
10.284,10.074,9.8547,1
9.8402,9.89,9.7365,1
10.007,10.141,9.7045,1
10.21,9.7728,9.893,1
9.9775,10.283,9.8364,1
9.8448,9.9649,9.714,1
10.274,9.91,9.8454,1
10.247,9.7928,10.057,1
10.07,9.7107,9.864,1
10.195,9.9218,9.7493,1
10.061,10.039,9.6808,1
10.02,9.9948,9.6734,1
10.169,10.161,9.7704,1
10.109,9.8965,9.7091,1
9.8933,9.6917,10.026,1
10.059,9.9049,9.6925,1
10.264,10.087,10.173,1
9.6909,10.01,10.107,1
9.9679,9.7765,10.237,1
10.188,9.8617,10.23,1
9.86,10.013,10.296,1
10.012,9.7399,9.8018,1
10.197,9.7574,10.097,1
9.6847,9.99,9.9128,1
10.031,10,9.6742,1
10.216,9.9724,10.244,1
9.7121,10.148,9.9534,1
9.9209,9.9526,10.314,1
10.24,10.177,10.136,1
10.115,10.096,10.291,1
9.9589,9.9288,10.317,1
10.049,9.7209,10.164,1
9.8759,9.8739,10.275,1
9.9897,10.071,10.319,1
10.053,9.9013,10.308,1
10.32,10.02,10.067,1
9.7067,9.9139,9.8832,1
9.7254,9.9561,9.8275,1
10.321,9.9381,9.9948,1
9.9948,10.325,9.9637,1
9.9344,10.114,10.3,1
10.051,10.007,9.6768,1
10.053,9.9249,9.686,1
10,10,9.6727,1
10.305,9.9806,10.117,1
10.012,10.017,10.327,1
9.8554,9.8706,10.264,1
10.141,9.9091,10.281,1
9.7357,9.8843,10.155,1
10.039,10.048,9.6786,1
9.7386,10.077,10.181,1
9.9972,9.99,9.6729,1
9.9128,10.252,9.8102,1
9.738,10.18,10.077,1
9.9434,9.915,9.6891,1
9.7587,10.054,9.7857,1
9.7561,10.218,10.005,1
10.097,10.312,9.9844,1
10.106,10.231,10.206,1
10,10,10.327,1
10.007,10.008,10.327,1
9.8462,10.202,9.7936,1
10.286,9.8411,10.016,1
9.8099,10.069,9.7427,1
10.264,10.147,9.8736,1
10.011,10.101,10.311,1
10.197,9.9062,9.7561,1
9.9188,10.013,9.6832,1
10.06,10.157,9.7192,1
9.7607,9.9771,10.222,1
10.012,9.9604,10.325,1
10.051,10.01,10.323,1
9.7135,9.8523,9.9432,1
10.033,9.7,10.126,1
9.9569,9.7941,10.251,1
9.7934,9.7616,10.087,1
10.026,9.9437,10.321,1
9.8609,10.109,9.7247,1
9.9794,9.7404,10.198,1
10.095,9.751,10.19,1
9.7065,10.128,9.933,1
9.9979,9.8688,9.7002,1
9.9461,10.195,10.257,1
9.7063,9.8931,9.9028,1
9.8932,10.215,9.7779,1
9.8771,9.7066,9.9228,1
10.041,10,9.6754,1
10.13,10.21,10.214,1
10.047,10.268,9.8187,1
9.8748,10.299,10.047,1
10.044,10.18,10.27,1
9.9311,10.329,10.005,1
9.9729,9.8112,9.7229,1
10.092,10.099,10.308,1
9.9958,10.268,10.204,1
10.248,9.9185,10.212,1
9.7434,9.8877,9.8137,1
10.174,9.7202,10.069,1
10.033,10.295,10.159,1
10.049,9.9802,10.332,1
10.098,10.093,9.6919,1
9.8078,10.099,10.258,1
9.9379,10.072,10.323,1
10.157,9.8295,9.7566,1
10.228,9.9561,10.243,1
10.321,10.083,9.9416,1
10.242,10.115,9.7963,1
9.8078,9.9009,9.7423,1
9.6773,9.9052,9.9947,1
10.2,10.168,9.7879,1
9.8508,10.301,9.984,1
10.271,9.8008,10.016,1
10.055,9.9228,9.6773,1
9.7159,10.064,9.8318,1
10.153,9.7142,10.09,1
10.001,9.9787,10.336,1
10.121,10.169,9.7356,1
10,10,10.336,1
10.164,10,9.7061,1
9.7445,9.8241,9.87,1
10.116,10.046,10.312,1
9.9136,9.8504,9.7114,1
9.995,9.6858,10.12,1
10.271,10.151,10.13,1
10.033,10.188,10.277,1
10.13,10.21,9.7718,1
10.257,10.165,9.8603,1
9.7996,9.7688,10.14,1
10.21,9.8239,10.195,1
9.9726,10.016,10.335,1
10.222,9.8764,10.22,1
9.9835,10.207,10.264,1
9.7047,10.107,9.88,1
10.013,10.052,9.6679,1
10.108,9.7185,10.149,1
10.02,10.007,9.6643,1
10.043,10.138,10.304,1
9.9136,10.312,9.9104,1
9.8226,9.9599,9.717,1
9.7331,10.117,10.168,1
10.037,9.8806,9.6877,1
10.144,10.009,9.6963,1
9.9146,9.8717,9.701,1
10.275,9.8233,9.9207,1
10.072,10.157,10.289,1
9.9052,10.065,10.316,1
9.9322,9.6758,10.058,1
10.224,9.9858,9.7493,1
9.6793,10.094,9.9627,1
9.8031,10.032,9.7291,1
10.139,9.695,9.9733,1
10.056,9.6837,10.1,1
10.321,10,9.9001,1
9.9925,9.9924,10.336,1
9.9835,10.039,9.6663,1
9.787,9.8094,9.8227,1
10.005,10.105,9.6804,1
9.9742,10.034,10.334,1
9.8365,10.005,10.294,1
10.037,9.6691,10.048,1
9.9216,10.227,9.764,1
10.071,10.186,10.271,1
9.9959,9.9902,9.6638,1
10.23,9.8907,9.7797,1
10.177,10.217,10.186,1
10.155,10.29,9.9311,1
9.7747,9.918,10.236,1
10.322,9.9164,9.9521,1
9.9192,9.8371,10.283,1
10.239,10.176,9.8411,1
10.156,9.8082,10.228,1
9.9488,9.9328,10.326,1
9.9193,10.082,9.6839,1
9.9954,10.032,9.6652,1
10,10,9.6636,1
9.8331,10.251,9.8506,1
10.281,10.054,10.177,1
9.9417,10.046,10.328,1
9.9526,10.042,9.6697,1
9.6746,9.9689,10.079,1
10.053,9.782,10.251,1
9.9099,9.9461,10.32,1
9.7372,9.7934,10.037,1
9.9268,9.9883,9.6719,1
10.084,9.9893,9.6744,1
10.315,10.04,10.11,1
10.198,9.8109,9.8049,1
9.6836,10.03,9.89,1
9.8903,9.6831,10.027,1
9.983,9.9386,10.33,1
9.9229,10.133,10.299,1
9.9502,10.18,9.7094,1
9.9465,10.256,10.226,1
10.061,10.196,10.278,1
9.9593,10.036,10.341,1
10.219,9.7629,10.123,1
10.298,10.142,10.103,1
9.9578,10.063,9.663,1
10.117,10.256,9.7996,1
9.7155,9.8041,10.005,1
9.7641,9.8588,9.7908,1
10.234,9.9549,9.75,1
9.7016,9.8462,9.9186,1
9.703,10.087,9.8466,1
10.05,10.071,10.334,1
9.7172,10.195,10.038,1
9.9431,9.7942,9.7285,1
9.7739,9.8222,10.191,1
9.9389,10.176,10.291,1
9.9786,9.9952,9.6552,1
9.9974,9.9673,9.6561,1
9.8809,9.7598,10.218,1
10.098,10.083,9.6793,1
10.085,10.047,9.6685,1
9.7953,10.106,9.7425,1
9.8273,9.8245,10.242,1
10.119,9.689,9.9079,1
9.8235,9.7347,10.133,1
10.007,10.008,9.6547,1
10.23,10,10.257,1
10.112,10.294,10.144,1
9.6572,9.9673,10.027,1
10.281,9.9822,10.2,1
10.112,9.8623,10.296,1
10.187,9.8962,10.272,1
10.212,10.203,10.182,1
9.7595,9.7848,9.8767,1
9.8066,9.969,9.7155,1
10.04,10.065,10.337,1
10.116,9.783,9.7577,1
10.132,10.043,10.316,1
10.041,10.016,9.6573,1
10.327,9.9151,10.071,1
10.181,10.223,9.8086,1
10.245,9.7667,9.9292,1
9.9303,9.667,10.06,1
10.231,9.8514,10.209,1
10.008,9.993,10.345,1
10.253,9.8137,9.8565,1
9.889,10.113,10.307,1
10.086,9.8791,10.312,1
9.9079,10.22,10.25,1
10.013,9.7322,9.7822,1
9.9734,10.335,10.081,1
9.8679,9.6846,9.9508,1
10.128,10,10.321,1
9.9785,9.9752,10.344,1
9.7608,10.105,9.7738,1
10.02,9.9906,10.345,1
10.008,10.168,9.6981,1
10.328,9.8922,9.9945,1
9.6558,10.011,9.9726,1
10.143,10.105,9.7036,1
9.9832,9.8831,9.6754,1
10.287,9.885,10.153,1
10.136,9.703,9.887,1
9.6855,9.8624,9.9617,1
10.103,9.8335,10.285,1
9.7929,9.7279,10.049,1
10.138,10.009,9.6835,1
9.6685,10.032,10.092,1
10.072,9.7041,9.8369,1
10,10,10.345,1
9.7823,10.13,9.7656,1
9.7869,9.9374,9.7354,1
10.027,10.156,9.6929,1
9.9973,9.8321,10.302,1
10.043,9.9945,10.343,1
9.8976,9.8226,9.7218,1
10.08,10.331,9.94,1
10.038,10.343,9.9836,1
9.791,10.275,10.016,1
9.9647,9.8981,9.6718,1
9.7807,10.035,10.265,1
9.7082,10.066,9.8273,1
9.7139,9.8959,10.163,1
10,10,9.6545,1
9.8605,10.051,9.6881,1
9.9574,10.296,10.173,1
10.019,9.9376,10.339,1
9.9318,10.054,9.6656,1
10.021,9.8836,10.325,1
10.291,10.037,9.8179,1
10.156,10.291,9.8974,1
10.275,10.176,10.113,1
9.9294,10.081,10.328,1
9.9027,9.9969,10.331,1
9.999,10.065,9.6608,1
10.308,10.08,9.8665,1
10.028,9.7478,10.234,1
10.054,10.01,9.6589,1
9.6719,9.8806,10.062,1
10.302,9.9009,10.157,1
10.201,9.9872,10.292,1
9.7701,9.8624,9.7678,1
10.032,10.046,10.35,1
9.9532,9.8882,9.6668,1
10.149,10.161,10.279,1
10.307,10.171,10.05,1
9.9551,9.7855,9.7213,1
9.9949,10.322,10.147,1
9.667,10.098,9.9274,1
10,10,9.6455,1
9.9238,9.868,10.32,1
10.015,10.312,9.8326,1
9.8931,10.109,9.6799,1
9.8092,9.9818,9.7017,1
10.338,10.021,10.105,1
9.9567,10.065,10.346,1
9.6731,10.01,9.863,1
9.7477,9.7743,9.8947,1
9.9989,9.9329,10.348,1
10.032,9.9544,9.6499,1
9.9461,9.9291,9.6568,1
10.142,10,9.6752,1
9.9035,9.7211,9.8036,1
10.007,9.9913,9.6456,1
9.9523,9.6684,10.116,1
10.067,9.9915,9.6519,1
10.093,9.7016,10.167,1
10.138,10.036,10.325,1
10.128,10.279,9.8227,1
10.219,9.8592,9.7594,1
9.8342,9.8315,9.7358,1
10.112,10.208,10.264,1
10.295,10.118,9.8426,1
9.842,10.124,9.708,1
9.6689,10.121,9.9607,1
9.6963,10.157,9.9055,1
9.9467,10.255,10.241,1
9.9831,10.029,10.353,1
9.97,9.9846,9.6471,1
9.9491,10.122,10.329,1
9.9529,10.328,10.127,1
10,10,10.355,1
9.8793,9.9472,9.6709,1
10.039,10.351,9.9719,1
10.345,10,10.084,1
10.285,10.21,10.006,1
9.8921,9.9756,10.337,1
9.9089,10.329,10.094,1
9.7676,10.16,10.215,1
9.9888,10.001,10.354,1
10.228,10.109,9.7513,1
9.92,10.231,9.7434,1
10.185,10.298,9.9495,1
10.008,10.044,10.352,1
10.001,9.9775,9.6462,1
9.9184,10.036,10.343,1
10.093,9.9629,9.6598,1
9.9864,10.018,10.354,1
9.7693,9.7337,10.039,1
10.164,10.054,10.31,1
10.066,10.042,9.6542,1
10.011,9.9564,9.6483,1
9.8202,9.9712,9.6958,1
10.077,9.8568,10.315,1
10.115,10.141,10.304,1
10.103,10.331,10.073,1
10.248,10.048,10.249,1
10.205,9.8278,10.232,1
10.037,9.793,9.7145,1
9.8548,9.707,10.137,1
10.115,10.301,9.8527,1
10.039,9.653,9.9384,1
10.058,9.8482,9.6849,1
9.9776,9.7188,9.7853,1
10.32,9.8478,10.017,1
10.109,9.9791,9.6632,1
10.143,9.6866,9.9164,1
10.139,10.132,10.298,1
10.177,9.8312,10.257,1
9.9197,9.7096,9.8131,1
9.8529,10.297,9.8735,1
9.7848,10.193,10.206,1
10.065,10.267,9.7764,1
10.199,9.8892,9.7284,1
10.233,9.8288,9.7943,1
9.7054,9.9135,10.177,1
10.273,10.035,10.224,1
9.7777,10.05,10.272,1
9.9761,10.3,10.187,1
9.7085,10.047,10.196,1
9.6958,10.182,9.9944,1
9.9177,9.9434,10.34,1
9.8788,9.9962,10.333,1
9.7681,10.268,9.9831,1
9.8144,9.7211,9.884,1
9.7222,9.7815,10.028,1
10.117,9.8734,9.6902,1
10.203,9.9472,10.286,1
10.158,10.296,10.14,1
9.891,9.7397,10.229,1
10.108,9.7172,9.7986,1
10.337,10.065,9.8811,1
10.008,9.9316,9.6429,1
10.006,10.01,9.6365,1
10.122,9.7716,10.255,1
9.6865,10.03,10.182,1
10.148,10.049,9.6717,1
10.155,10.02,10.328,1
9.79,10.165,9.7533,1
10.311,9.8269,10.074,1
9.9588,10.286,9.7798,1
10.186,9.9882,9.688,1
9.7805,9.7115,9.9712,1
9.9847,10.031,9.638,1
10.12,9.9688,10.342,1
9.8153,10.067,9.6941,1
9.641,10.057,10.006,1
9.8256,9.7378,9.8182,1
9.9715,9.6412,9.9482,1
10.239,9.7717,9.8489,1
9.6585,9.8997,9.9255,1
9.8302,10.117,10.3,1
9.7517,9.8514,10.22,1
10.058,10.33,9.8595,1
9.9783,9.9921,10.363,1
10.012,9.7411,9.7449,1
9.8713,9.8514,10.306,1
10.339,10.022,9.8702,1
9.986,10.176,10.318,1
10.261,9.9142,9.7619,1
10.326,10.155,10.04,1
10.034,9.8583,9.6669,1
9.9967,10.206,9.7005,1
9.9288,10.037,10.355,1
10.224,10.243,10.151,1
9.9659,9.8369,9.6768,1
10.344,9.956,10.108,1
9.9132,9.686,10.161,1
9.802,9.7989,9.7707,1
9.7388,9.7663,10.097,1
10.164,9.9685,10.323,1
9.8455,9.7324,10.192,1
10.127,9.8628,10.312,1
9.8635,10.326,9.9143,1
9.9193,10.292,10.201,1
9.8148,9.8725,9.7142,1
10.074,9.9459,10.352,1
9.6679,9.8547,10.029,1
10.204,10.114,9.7214,1
9.8861,10.05,9.6583,1
9.8059,10.255,10.172,1
10.36,10,10.052,1
10.008,10.008,10.363,1
9.8305,9.8667,9.7072,1
10.114,10.299,9.8283,1
10.086,10.353,9.9942,1
9.9475,10.061,9.6453,1
10,10,10.364,1
10.031,9.8259,9.6822,1
9.6571,9.9451,9.892,1
9.9052,10.096,9.6624,1
9.6457,10.08,9.9827,1
9.8543,9.9954,10.333,1
9.7792,10.198,9.7891,1
10.021,10.009,9.6371,1
10.097,10.311,9.8385,1
9.8923,9.7828,9.729,1
9.9882,10.056,10.359,1
10.04,10.361,10.017,1
9.9605,10.024,10.361,1
10.197,9.7233,10.13,1
10.087,9.9271,9.6545,1
10.026,10.022,10.362,1
9.9315,9.9935,10.357,1
9.9984,9.8976,9.6511,1
10.13,10.183,10.286,1
10,10,9.6364,1
9.8626,10.238,10.238,1
9.6609,10.1,10.086,1
10.288,10.212,9.9369,1
9.9236,10.221,10.279,1
10.027,9.9128,9.648,1
10.132,9.7868,9.7368,1
10.039,10.025,9.6393,1
10.146,10.319,9.9031,1
10.241,9.8852,10.247,1
10.153,10.188,10.271,1
10.249,9.8399,10.211,1
10.047,9.8968,10.345,1
10.017,10.361,9.9597,1
9.861,10.209,10.263,1
10.216,10,10.293,1
9.9812,9.9457,9.6409,1
9.6817,9.8359,10.063,1
10.333,10.086,10.119,1
9.9001,9.9774,10.349,1
10.287,9.8852,9.8083,1
9.8649,10.004,10.338,1
10.193,9.8579,9.7145,1
9.9781,9.9209,9.6364,1
10.238,9.8005,10.206,1
9.6596,10.149,10.03,1
9.8137,9.8107,9.7385,1
9.9643,10.047,9.632,1
9.6294,10.035,9.9823,1
10.172,10.242,9.7743,1
10.08,10.067,10.358,1
9.8825,10.339,10.099,1
10.289,10,10.235,1
10.017,9.8515,9.6585,1
10.157,9.8071,10.278,1
10.178,10.114,10.307,1
9.9966,9.9766,9.628,1
9.9279,9.6552,9.8781,1
9.9589,9.9289,10.364,1
10.291,9.8613,10.186,1
10.175,10.046,9.6743,1
9.9385,9.8759,10.346,1
9.8671,10.039,9.654,1
9.6387,9.9184,10.041,1
9.6357,9.9417,10.053,1
10.111,9.844,9.6802,1
10.119,10.312,9.8345,1
10.168,10.206,10.261,1
9.9547,9.9867,9.6303,1
10.096,10.308,9.8136,1
10.081,10.334,10.144,1
10.14,9.9221,10.337,1
9.8741,10.099,9.6635,1
10.017,10.362,9.9121,1
9.9957,9.7262,10.253,1
10.146,9.8609,9.6864,1
10.304,10.169,10.133,1
9.7185,10.009,10.244,1
10.364,10.046,9.9353,1
9.7953,9.8591,9.7222,1
9.9909,10.022,10.372,1
10,10,10.373,1
9.8214,9.8403,10.286,1
9.6596,9.851,9.9705,1
9.9002,9.9403,9.6459,1
9.8553,9.833,9.6999,1
9.6572,10.125,9.9237,1
10.095,10.045,9.6424,1
9.9696,10.018,9.629,1
10.008,9.9913,9.6275,1
9.984,9.7991,10.314,1
10.254,10.102,9.7471,1
9.8776,9.816,10.3,1
9.8882,9.7332,9.765,1
10.167,10.269,10.197,1
10.087,9.6415,9.947,1
9.8576,9.888,10.326,1
10.349,9.9326,9.8893,1
9.7041,10.204,9.9007,1
9.9517,10.336,10.155,1
10.025,9.9341,9.634,1
10.354,9.8838,10.018,1
10.067,9.8917,9.6498,1
9.9253,10.129,10.341,1
10.305,9.8042,10.088,1
10,10,9.6273,1
10.03,9.8318,10.331,1
10.071,10.155,9.6687,1
9.6647,10.076,9.856,1
9.9976,10.012,10.373,1
9.8196,10.183,9.7302,1
10.091,9.9765,10.361,1
10.345,9.9559,9.867,1
10.04,10.227,9.707,1
10.107,9.766,10.27,1
9.6486,10.056,10.111,1
10.365,10,10.076,1
10.143,9.7324,9.7838,1
10.005,10.047,10.37,1
10.294,9.8823,9.8035,1
10.018,9.6277,10.006,1
9.8802,9.9564,10.35,1
10.266,10.253,10.065,1
10.284,10.209,10.122,1
10.084,9.731,9.7559,1
9.8939,10.159,10.32,1
10.223,10.241,9.824,1
9.6707,10.17,9.9587,1
10.16,10.299,9.8452,1
9.8977,10.206,10.293,1
10.328,10.063,10.166,1
9.9125,10.317,10.176,1
9.7743,9.7034,9.9941,1
10.093,9.9941,9.6392,1
9.7242,9.8578,9.7935,1
9.9769,9.9333,10.366,1
9.9646,9.9989,10.371,1
9.9953,10.059,10.368,1
9.9966,10.211,9.693,1
9.7737,10.202,10.216,1
9.8058,10.224,10.226,1
10.116,10.007,10.354,1
9.8352,10.332,9.91,1
10.137,9.6992,10.191,1
9.8059,10.224,9.7592,1
10.032,10.018,9.6199,1
9.9886,10.004,9.6184,1
10.174,10.022,10.339,1
9.9598,9.808,9.6724,1
10.038,9.8995,10.366,1
9.8848,10.333,9.8525,1
10.011,10.005,10.382,1
9.7299,9.8608,10.231,1
10.105,9.9226,9.6412,1
10.148,9.9295,9.6552,1
10.208,10.175,10.268,1
10.143,10.176,9.6925,1
9.9458,9.6233,10.03,1
10.201,9.9195,10.314,1
9.76,10.244,9.8304,1
9.9958,10.263,10.276,1
9.9813,10.045,10.379,1
10.201,9.6759,9.9818,1
10.2,9.9482,10.321,1
10.011,9.7642,9.6999,1
9.8076,10.289,10.159,1
9.8167,9.9707,10.334,1
10.005,10.107,9.6336,1
9.8638,10.04,9.6455,1
10.087,10.361,10.09,1
10.051,10.292,10.241,1
10.263,10,9.7237,1
9.9099,9.9672,10.37,1
10.228,10.247,10.18,1
9.9683,9.8852,9.6372,1
10.361,10.118,9.9577,1
9.6576,9.8502,9.9218,1
10.031,10.279,9.7409,1
9.8772,9.7068,10.211,1
10.109,10.175,9.6788,1
10.25,9.7297,9.8983,1
9.8557,10.25,9.75,1
9.9702,9.6252,9.9337,1
10.261,9.751,10.125,1
9.9764,10.005,9.619,1
10.111,10.106,9.6502,1
10.089,10.125,10.35,1
10.253,9.9678,10.285,1
10.381,10.024,9.9939,1
10.142,9.8001,9.7075,1
9.6695,9.9895,9.8091,1
9.7711,10.301,9.9457,1
9.677,10.031,9.7987,1
9.7759,10.154,9.7322,1
10.02,9.9183,10.372,1
10.09,10.29,9.7688,1
9.9961,9.7546,10.292,1
10.041,9.6343,10.102,1
9.7795,9.8266,10.259,1
9.7164,10.223,9.8751,1
10.196,9.7586,10.221,1
10.305,9.9411,9.7785,1
10.353,10.092,10.113,1
9.6513,10.153,9.9697,1
9.8942,10.095,10.354,1
9.9573,9.8766,10.359,1
10.283,10.182,9.8197,1
10.034,10.09,9.6304,1
9.6658,10.172,10.066,1
9.8876,9.8523,9.6663,1
9.8481,9.8457,9.6855,1
9.6502,9.8973,9.8866,1
10.162,9.6984,10.17,1
10,10,9.6182,1
9.9792,9.9876,10.381,1
9.7455,10.008,9.7154,1
9.6234,10.06,10.018,1
10.224,9.9264,10.3,1
10.072,10,9.6251,1
9.946,10.376,10.042,1
10.381,9.9758,10.006,1
10.148,10.324,10.136,1
10,10,10.382,1
9.8993,10.364,10.054,1
9.8203,9.7299,10.201,1
10.222,10.043,10.307,1
10.278,9.8454,9.7885,1
10.176,10.329,10.078,1
10.014,9.9538,9.6213,1
9.9125,9.8485,9.6606,1
9.9756,10.117,10.363,1
9.987,10.164,10.345,1
10.051,9.9674,9.623,1
9.7342,9.7622,9.8637,1
9.9307,9.9523,9.6276,1
9.8087,9.9568,10.328,1
9.9689,10.019,10.38,1
9.8719,9.7415,10.25,1
10.056,10.022,10.377,1
10.058,10.043,10.375,1
9.7726,9.7375,9.8414,1
10.27,9.7736,10.148,1
10.375,9.9028,10.056,1
10.207,10.173,10.283,1
9.7872,10.216,10.246,1
9.7852,10.111,10.307,1
10.208,9.8018,9.7348,1
9.6492,10.128,9.8839,1
9.8527,9.9464,10.358,1
10.217,10.267,9.8154,1
9.7798,9.803,10.256,1
9.9838,10.047,10.388,1
10.042,10.378,9.9078,1
10.153,10.336,10.128,1
10.279,10,10.274,1
10.232,9.805,9.7535,1
9.9041,10.075,10.371,1
9.9115,9.6798,10.206,1
9.8915,10.143,9.6525,1
9.9718,9.6455,9.8376,1
10.122,10.079,9.6371,1
10.146,10.058,9.6419,1
9.6548,9.8489,9.8958,1
9.6992,9.7635,9.9199,1
10.058,9.6729,9.7939,1
9.8422,9.7926,9.7087,1
9.9919,9.9766,10.39,1
10.019,9.61,10.019,1
10.305,9.9411,9.7633,1
9.868,10.021,10.367,1
10.041,9.9107,9.6216,1
10.083,10.217,10.315,1
10.068,9.8225,10.342,1
10.259,10.123,10.265,1
9.6526,9.8209,10.006,1
9.9702,9.8578,10.363,1
10.343,10.113,9.849,1
10.202,10.149,10.299,1
10.05,9.8396,10.353,1
9.816,10.081,9.6646,1
9.9104,9.8449,10.347,1
10.026,10.107,10.375,1
10.035,10.065,10.384,1
10.26,10.281,10.08,1
9.8626,10.328,10.162,1
10.256,9.7232,10.104,1
10.189,9.7349,10.217,1
10.176,9.671,10.116,1
9.8418,10.183,9.6927,1
9.9016,10.199,9.678,1
10.004,10.074,9.6162,1
9.7776,10.065,9.6852,1
10.019,9.833,9.647,1
9.68,10.22,10.043,1
9.8506,10.225,9.7171,1
10.029,10.094,10.378,1
10,10,10.391,1
9.9258,10.269,9.7258,1
10.05,9.9634,10.386,1
10.08,9.968,9.6187,1
10,10,9.6091,1
10.096,9.9465,9.6249,1
10.009,9.9639,9.6109,1
10.366,9.9532,9.8721,1
10.085,10.011,10.381,1
9.6117,9.9877,9.9567,1
10.132,10.214,9.7005,1
9.9348,10.312,9.7733,1
10.378,10.073,9.9321,1
9.9753,10.043,9.6122,1
9.8717,9.9623,9.6327,1
10.365,10,9.8605,1
9.7115,9.8014,10.174,1
9.9945,10.345,10.185,1
9.9691,10.388,10.031,1
9.8369,10.098,9.6584,1
9.7047,10.009,9.744,1
9.8517,9.8494,9.6711,1
10.279,10.266,10.068,1
9.849,9.6395,9.9938,1
9.9998,9.9876,9.6093,1
9.9947,9.9632,10.389,1
9.7841,9.6756,9.969,1
10.06,10.016,9.614,1
9.9919,9.9906,10.391,1
9.9965,10.025,9.6099,1
9.8057,10.174,10.291,1
10.353,9.8322,9.9814,1
10.064,9.8964,9.6286,1
9.6903,10.03,10.237,1
10.364,9.9768,10.14,1
9.6541,9.9447,9.8264,1
9.9016,9.8014,10.322,1
10.057,10.321,9.7835,1
9.8277,9.8969,10.335,1
9.6294,9.9163,10.092,1
10.318,10.02,10.227,1
10.285,9.817,9.8045,1
10.133,9.836,10.329,1
9.6148,9.9632,9.9444,1
10.296,10.165,10.195,1
10.209,10.294,10.151,1
9.9434,10.393,10.044,1
10.326,10,10.232,1
9.8056,10.337,10.094,1
9.9693,9.9597,10.397,1
10.024,10.03,9.6018,1
9.9112,9.8665,9.6336,1
9.751,10.171,10.262,1
9.6181,9.9137,9.9181,1
9.9775,10.012,10.399,1
9.7572,9.7827,9.768,1
10.121,10.031,10.38,1
9.8029,9.9421,10.343,1
9.8968,10.045,10.384,1
9.8531,9.9357,10.366,1
9.9364,10.184,10.35,1
10.051,10.289,10.271,1
10.103,9.6692,9.8,1
10.079,10.111,9.6241,1
9.8408,10.321,10.178,1
10.324,10.154,9.8224,1
10.019,10.399,10.019,1
10.105,10.067,9.62,1
9.9494,9.9984,9.6032,1
9.9026,9.8876,10.371,1
10.103,10.225,9.6856,1
10.368,10.147,9.9431,1
10.091,10.146,10.361,1
10.036,9.7977,9.6568,1
9.9004,10.36,10.143,1
9.6158,10.087,10.069,1
9.7194,10.285,10.006,1
10.307,9.8539,9.7891,1
10.061,10.045,9.6072,1
10.079,10.255,10.298,1
10.07,9.869,9.6287,1
10.119,9.6889,10.222,1
9.6969,9.7617,10.107,1
10.102,10.266,9.7194,1
9.9424,9.7916,9.6635,1
10.35,10.045,10.189,1
9.9683,9.6017,9.981,1
9.8687,10.313,10.211,1
10.015,10.061,10.395,1
9.8341,9.6652,9.8572,1
9.6857,9.9497,9.7578,1
10.015,9.6899,10.252,1
10.291,10.162,9.7784,1
10.218,10.183,10.281,1
9.6975,9.8189,9.8111,1
10.1,10.006,9.6128,1
9.6253,10.136,10.032,1
10,10,9.6,1
9.9255,9.6439,9.8338,1
10.127,9.9492,10.376,1
10.223,10.043,10.329,1
10.394,9.9497,9.9557,1
9.6237,10.036,10.131,1
10.306,9.8033,10.166,1
9.9244,10.045,9.6098,1
10.34,9.811,9.9057,1
10.211,9.6602,9.9937,1
9.9292,9.8309,10.356,1
10.157,9.8847,9.6505,1
10.085,9.9779,10.39,1
9.8408,9.7243,10.242,1
10.006,9.9753,9.6008,1
9.835,10.048,9.6388,1
9.6969,10.238,9.8934,1
9.7882,9.8542,9.6936,1
9.9607,9.7268,9.7105,1
10.01,9.9918,9.6002,1
9.9581,10.063,10.393,1
9.9945,9.6536,10.2,1
10.186,9.8226,10.306,1
10.243,9.9532,10.314,1
10.012,10.112,9.6162,1
9.8278,9.9373,9.6445,1
10,10,10.4,1
9.7436,10.296,10.082,1
9.9974,10.012,10.4,1
9.7348,9.7306,9.8692,1
10.211,10.228,9.7478,1
10.036,10.012,10.398,1
9.9671,9.9051,10.387,1
10.276,10.264,10.119,1
9.6031,9.9621,9.9683,1
9.995,10.063,9.605,1
10.214,9.6995,9.8455,1
9.8564,10.189,9.6779,1
9.7064,10.263,9.9305,1
10.259,9.7194,9.8812,1
10.041,9.6333,10.155,1
10.126,10.235,9.7019,1
10.25,9.6927,10.057,1
10.287,9.9057,9.7381,1
9.7063,10.009,9.7286,1
10.216,9.9863,10.337,1
9.7274,10.044,10.289,1
9.7984,9.8961,9.6705,1
10.237,10,10.322,1
9.6115,10.114,9.9418,1
9.5989,9.9617,10.071,1
10.268,10.088,10.296,1
10.245,10.158,9.713,1
9.9526,9.9792,9.5942,1
10.084,10.27,9.7039,1
9.8962,9.6999,10.258,1
9.9563,10.158,10.375,1
10.36,10.023,10.193,1
9.9362,9.9561,9.5983,1
10.121,9.6106,10.032,1
9.8853,10.011,9.6075,1
10.075,10.309,9.742,1
10.334,9.9355,10.227,1
10.349,9.8338,9.8662,1
10.038,10.01,10.407,1
9.9686,10.041,10.406,1
10.018,10.372,9.8301,1
9.99,10.024,10.408,1
9.8372,9.6716,10.182,1
10.157,9.6568,9.8419,1
9.9979,9.9741,9.5917,1
9.7148,10.29,10.045,1
10.223,10.275,10.205,1
9.9225,10.116,10.384,1
9.7523,9.6745,9.9935,1
10.019,9.8253,9.6306,1
9.9942,10.012,10.409,1
10.305,10.256,9.9036,1
10.015,9.9372,10.404,1
10.345,9.8617,10.17,1
10.28,10.206,9.7843,1
10.227,10.318,9.8785,1
9.8334,10.086,9.6364,1
9.8748,10.086,9.6202,1
10.323,10.129,10.216,1
9.782,10.079,9.663,1
10.327,10.063,9.7627,1
9.9023,9.7668,10.322,1
9.6425,9.9192,9.8183,1
9.9391,10.048,10.402,1
10.037,9.904,10.396,1
9.9984,10.103,9.604,1
9.6961,9.7281,9.9676,1
9.8229,10.307,9.7955,1
10,10,9.5909,1
10.034,10.019,9.5928,1
9.8264,10.028,10.369,1
10.104,10.05,10.393,1
9.9577,10.049,9.596,1
10.018,9.6138,10.134,1
10,10,10.409,1
10.197,9.8118,9.6951,1
10.051,10.287,10.287,1
10.115,9.7862,9.6706,1
9.9739,9.8751,9.6113,1
10.105,9.831,10.357,1
9.941,9.9319,9.601,1
10.331,9.9578,10.237,1
10.214,9.9445,9.6559,1
10.329,9.7888,10.121,1
10.161,9.8649,10.351,1
9.9549,9.9219,10.399,1
10.122,9.932,9.6156,1
10.164,9.9896,9.6252,1
10.026,10.231,10.337,1
10.341,10,9.7734,1
9.9976,9.848,10.38,1
10.276,10.299,9.9547,1
10.24,9.9211,9.6784,1
9.9217,10.374,9.854,1
9.7069,10.066,10.278,1
10.15,10.328,9.8068,1
9.8656,9.7981,10.329,1
10.141,10.368,10.109,1
10.046,9.741,9.6866,1
9.5916,10.013,9.9805,1
10.16,10.153,10.344,1
9.8775,9.964,10.389,1
9.6564,9.7943,9.9162,1
9.8238,9.9359,10.364,1
9.9885,9.9941,9.5911,1
10.403,10,9.929,1
9.6388,10.158,9.891,1
9.8605,9.8582,9.6425,1
9.9679,10.404,10.058,1
10.153,9.7858,10.313,1
10.208,10.027,9.649,1
9.5965,9.9354,10.019,1
10.193,10.361,10.006,1
10.195,9.76,9.7321,1
9.9537,9.6778,10.248,1
9.776,10.2,9.7224,1
10.21,9.7729,10.268,1
9.7441,9.7988,9.7523,1
9.943,10.396,10.084,1
10.144,10.232,10.305,1
9.8982,9.6317,10.146,1
10.304,9.7763,10.158,1
9.6589,10.204,10.096,1
9.9538,9.6787,9.7363,1
9.7346,9.9575,10.32,1
9.8593,10.162,9.6412,1
9.627,9.9644,9.8143,1
9.9442,9.9267,9.5921,1
10.235,9.8493,9.6883,1
9.9811,10.09,10.408,1
9.695,9.7271,9.9144,1
9.7208,10.25,10.186,1
10.112,10.209,9.6556,1
9.9826,9.98,10.417,1
9.7893,10.317,10.174,1
10.11,10.071,10.397,1
10.019,9.6011,10.124,1
9.8252,10.23,10.303,1
9.9824,9.9363,10.413,1
9.9707,9.9408,9.5871,1
10.283,10.306,9.9669,1
10.386,9.8732,10.099,1
10.079,10.01,10.411,1
10.116,10.373,10.149,1
10.043,10.244,10.337,1
10.222,10.212,10.284,1
10.039,10.353,10.22,1
10.038,9.6615,10.243,1
9.7207,9.7803,9.7795,1
10.005,9.9876,10.418,1
9.6075,10.143,10.02,1
10.161,9.6997,9.7574,1
9.7892,10.109,10.344,1
9.8424,9.9427,9.6169,1
10.409,9.9479,10.073,1
10.107,10.235,9.6713,1
10.077,10.02,9.5894,1
9.9934,9.5832,10.033,1
10.014,10.037,9.5837,1
10.018,10.368,10.197,1
10.335,9.7536,9.9536,1
9.997,10.192,10.372,1
9.8822,10.081,9.607,1
9.7027,10.13,10.264,1
9.8861,10.329,10.232,1
9.8071,9.7101,9.7684,1
9.9471,9.9983,9.5852,1
9.8256,10.104,9.6346,1
9.8491,9.6397,9.8508,1
10.089,9.9041,9.6027,1
10.051,9.7912,10.359,1
9.8897,10.399,10.06,1
10.291,10.245,9.8263,1
9.8739,10.128,10.378,1
9.8634,9.6053,9.9801,1
10.013,10,9.582,1
9.8601,10.334,9.7909,1
9.9713,10.361,10.209,1
9.9678,10.224,10.352,1
9.9584,10.033,10.415,1
10.049,9.8928,9.5988,1
9.793,10.358,9.9405,1
10.194,9.7616,9.7163,1
10.408,10.026,10.086,1
10.259,9.8964,10.312,1
10.136,10.076,9.6118,1
9.7909,9.7876,10.293,1
10.228,9.8084,9.7067,1
9.9707,9.86,10.393,1
10,10,10.418,1
9.6417,9.8153,10.111,1
10.018,9.8966,10.405,1
10.264,10.051,9.6797,1
10.395,10.13,10.046,1
10.348,10.166,10.162,1
10,10,9.5818,1
10.198,9.8901,9.6482,1
9.6714,10.053,10.253,1
10.259,10,10.329,1
10.183,9.7426,9.7261,1
9.6169,9.8324,10.007,1
9.9097,10.182,10.365,1
10.24,9.9377,9.6633,1
10.236,10.331,9.9014,1
10.082,10.132,10.388,1
9.5821,10.013,9.9934,1
10.241,9.7704,9.7467,1
9.9979,9.9736,9.5827,1
9.59,10.039,9.9274,1
9.8458,9.9077,9.6224,1
10.322,10.237,9.8758,1
9.6745,9.7759,10.137,1
9.7185,9.9364,9.6973,1
9.8161,10.054,9.6283,1
10.094,9.6982,10.274,1
9.6133,9.8864,9.8886,1
10.243,10.299,9.8384,1
9.9162,9.8548,10.383,1
10.208,9.6642,9.8632,1
10.109,10.044,10.401,1
10.362,9.9302,9.8025,1
10.009,10.039,10.416,1
10.095,9.9549,9.5952,1
10.094,10.052,10.414,1
9.879,10.35,9.7864,1
10.038,10.216,9.6334,1
9.8798,10.122,10.391,1
9.924,9.9723,10.42,1
10.069,10.129,10.402,1
9.6786,10.031,10.28,1
10.09,9.628,9.8103,1
9.9979,10.027,9.5736,1
9.6826,10.25,10.14,1
10.186,9.863,10.359,1
10.015,9.6865,10.29,1
10.092,9.8274,10.38,1
10.059,9.6652,10.259,1
9.9271,9.6518,10.237,1
10.039,9.9144,10.417,1
9.6281,10.06,10.202,1
9.8888,10.146,10.386,1
10.061,10.029,9.5781,1
9.8341,10.191,9.6559,1
9.9894,9.8671,9.5941,1
9.5845,9.9062,9.9661,1
9.7012,9.6964,10.034,1
9.7941,9.7294,9.7412,1
9.6864,10.281,9.9258,1
10.227,9.7834,9.7101,1
10.376,10.024,9.7982,1
9.9624,9.7386,9.6641,1
10.289,10.275,9.8475,1
9.8711,9.6276,9.8349,1
9.8661,9.9414,9.5985,1
10.124,10.325,10.248,1
9.8422,9.7628,10.318,1
10.256,9.8354,9.7003,1
10.315,10.265,9.8861,1
10.314,9.8504,9.7522,1
9.8924,9.7829,10.352,1
10.18,10.035,9.6142,1
9.6665,10.2,9.8225,1
9.9994,10.041,9.5747,1
9.947,9.9389,9.5804,1
10.018,10.158,10.397,1
10.11,10.24,10.336,1
10.267,10.328,10.061,1
9.7063,9.7372,10.165,1
9.9604,10.009,10.425,1
9.6271,9.8905,10.177,1
9.7932,9.9803,10.373,1
10.1,10.413,10.047,1
10.01,9.9064,9.5832,1
10.24,9.9693,9.6481,1
10.29,9.6865,10.02,1
10.395,9.8975,10.127,1
9.8721,10.038,10.406,1
9.9774,10.157,9.6033,1
10.309,9.7405,9.8603,1
9.573,9.9864,10.007,1
10.241,9.6618,10.101,1
10,10,9.5727,1
10.171,10,9.6086,1
10.219,10.072,9.6406,1
10.418,10,10.088,1
9.6773,9.8336,9.7747,1
10.145,10.233,9.6727,1
10.413,9.9204,10.074,1
10.302,10.039,10.3,1
9.9998,9.9864,10.427,1
9.6011,10.013,10.152,1
10.357,10.23,9.9526,1
10.052,10.014,10.424,1
9.9116,10.061,9.5864,1
9.6374,10.187,9.8731,1
10,10,10.427,1
9.914,9.6888,9.7202,1
10.11,9.6467,10.214,1
9.8387,9.889,9.6202,1
10.186,9.7712,10.309,1
10.191,9.6915,10.225,1
10.088,10.282,9.6908,1
10.177,10.13,10.367,1
9.77,10.346,9.8993,1
9.9575,9.9666,9.5762,1
9.5985,10.146,9.9932,1
10.396,9.8414,9.9797,1
9.587,9.9339,9.9125,1
9.9325,10.244,10.344,1
9.8899,10.263,9.6816,1
9.8967,9.9382,10.41,1
10.046,10.05,10.422,1
10.012,9.9934,9.5729,1
10.118,9.6902,9.7306,1
10.393,10.157,9.9392,1
9.8521,9.6469,10.19,1
10.206,10.29,9.7633,1
9.9078,10.186,9.6266,1
9.9157,10.403,10.114,1
10.016,10.331,10.269,1
10.026,9.9915,10.426,1
9.8627,10.238,10.327,1
9.8897,10.048,9.59,1
9.9385,10.106,9.5813,1
9.9084,10.082,10.419,1
10.412,9.8647,10.048,1
9.8388,10.242,9.6748,1
10.02,9.9342,9.5691,1
9.6383,10.035,10.242,1
9.9326,10.069,10.426,1
9.8931,10.024,9.5776,1
10.417,10.053,9.8837,1
9.8892,10.32,10.275,1
10.18,10.253,9.6939,1
9.9932,9.5703,9.9242,1
9.769,9.8409,10.334,1
9.9882,10.082,10.428,1
10.019,9.9797,10.435,1
10,10,10.436,1
10.148,9.6767,10.253,1
9.8237,9.6444,9.8187,1
10.304,10.255,10.181,1
9.9467,10.193,9.6121,1
9.9728,9.9687,9.5656,1
10.016,10.329,10.286,1
9.6391,10.216,10.116,1
9.778,9.8671,10.351,1
10.251,10.24,9.7357,1
10.206,10.384,10.021,1
9.8117,10.38,10.103,1
10.219,9.6922,9.7818,1
10.027,10.246,10.359,1
10.015,9.8647,9.5854,1
10.07,9.8684,10.41,1
10.293,10.317,10.062,1
9.9921,9.9453,9.5671,1
10.388,9.8153,10.076,1
10.131,9.9038,10.405,1
9.8939,9.8163,9.6187,1
10.03,10.172,10.4,1
10.088,10.231,9.6406,1
9.5931,9.8805,9.8971,1
9.8238,9.9359,10.394,1
9.736,10.182,9.7039,1
10.036,9.9414,10.431,1
9.9212,9.6235,10.206,1
9.6374,10.106,10.218,1
9.9418,10.077,9.5744,1
9.649,9.9438,9.7469,1
10.228,10.059,9.6329,1
10.385,10,9.7939,1
9.5926,9.9871,9.8443,1
9.6725,9.7424,10.13,1
10.187,10.012,9.606,1
9.9281,9.74,9.657,1
10.253,10.163,10.316,1
10.364,10.07,10.23,1
10.374,9.8504,9.8314,1
9.7063,10.129,10.296,1
9.8625,10.108,9.6002,1
10.129,10.042,10.415,1
9.7203,10.323,10.089,1
9.9732,9.6624,9.7248,1
9.6418,9.8432,9.8062,1
10.003,9.9865,9.5639,1
9.6161,10.198,9.9379,1
9.9448,10.264,10.343,1
10.37,9.9765,9.7699,1
10.275,9.6614,10.007,1
10.019,9.5928,10.156,1
10.174,10.28,9.7142,1
10.032,9.9733,10.434,1
9.9832,10.211,10.381,1
9.7586,9.6371,9.9792,1
10.349,10.257,9.9516,1
10.403,9.8954,9.8704,1
9.8916,10.259,9.6657,1
10.367,9.7641,9.9931,1
9.5757,9.9042,10.035,1
10.11,10,10.422,1
9.8983,9.7061,10.306,1
9.8571,9.8123,10.367,1
9.8428,9.8402,9.6256,1
10.12,10.384,10.169,1
9.567,9.9587,9.9654,1
10.038,10.158,9.5949,1
10.083,10.182,10.388,1
10.303,9.8312,10.264,1
10.01,9.9904,10.436,1
9.974,10.009,9.5645,1
10.104,9.7282,10.325,1
10,10,9.5636,1
9.9964,10.224,10.374,1
10.247,10.303,10.194,1
9.6335,9.811,10.143,1
10.05,10.024,10.433,1
10.24,10.096,9.6486,1
10.081,9.9844,9.5715,1
10.299,9.9619,9.6842,1
9.8888,9.9005,9.59,1
9.8596,9.6649,9.7583,1
9.5783,10.067,9.9106,1
10.36,10.2,9.8573,1
10,10,10.445,1
10.407,9.837,10.077,1
10.284,10.271,9.7896,1
9.6597,9.7324,10.105,1
10.029,9.9063,10.435,1
10.315,9.7359,9.8279,1
9.6344,9.84,10.198,1
9.7934,9.8763,9.6253,1
9.8298,9.9123,9.5978,1
9.6112,10.114,9.815,1
10.394,9.8126,10.091,1
9.7775,10.385,10.021,1
9.931,9.8353,10.408,1
10.229,10.282,10.258,1
9.8764,9.8376,9.6041,1
10.436,10.084,10.035,1
10.305,9.7756,10.235,1
9.581,10.04,10.146,1
9.9238,9.8681,10.419,1
9.9869,9.835,10.414,1
9.65,9.944,10.27,1
9.7991,9.7959,10.341,1
10.055,9.9858,10.442,1
9.9448,10.064,10.437,1
9.9907,9.9893,9.5548,1
10.421,10,9.8543,1
10.385,9.7856,9.9366,1
9.8949,10.038,10.431,1
10.044,10.249,10.367,1
9.6954,9.9106,9.6875,1
10.135,9.7476,9.6588,1
9.6676,10.145,9.7416,1
10.059,10.155,9.5865,1
10.075,10.063,9.5655,1
10.216,9.9863,10.389,1
10.06,9.6595,10.281,1
9.9937,9.9873,10.445,1
9.757,10.365,9.9226,1
9.892,9.6095,10.185,1
10.127,10.41,10.119,1
9.9578,9.996,10.443,1
9.5606,10.07,9.9788,1
9.7626,9.9136,9.6331,1
10,10,9.5545,1
10.324,10.18,10.247,1
10.1,10.413,9.8677,1
9.9107,9.5732,9.9088,1
10.249,10.118,10.35,1
10.01,10.216,9.6107,1
9.882,10.427,9.9506,1
9.8699,10.311,10.292,1
10.39,9.8718,10.172,1
10.053,9.9346,9.5626,1
9.989,10.139,9.5768,1
10.346,10,9.7191,1
10.437,10.056,10.063,1
10.249,10.35,9.8813,1
10.096,10.18,10.396,1
10.295,9.9624,10.332,1
9.7664,10.307,10.223,1
9.9099,9.7398,9.6498,1
9.7734,10.136,10.359,1
10.094,9.8482,9.5919,1
9.9929,10.445,10.007,1
9.6573,9.764,9.841,1
10.106,10.035,9.5688,1
10.35,10.225,10.159,1
9.7125,10.257,9.7773,1
9.9802,10.02,9.5554,1
10.055,10.014,9.5581,1
10.174,9.8338,10.375,1
9.9718,10.001,10.445,1
10.045,9.8828,9.5726,1
9.5777,10.095,9.895,1
9.7665,10.184,9.668,1
10.317,10.02,10.312,1
10.271,10.293,9.8022,1
10.017,10.151,9.5814,1
9.7825,10.15,9.6413,1
10.121,10.194,10.382,1
9.9129,10.416,10.132,1
10.435,9.9162,10.049,1
10.184,10.404,9.9647,1
9.8765,10.064,10.423,1
10.048,9.9483,9.5601,1
9.9534,10.324,9.6978,1
10.052,9.8858,10.427,1
9.7358,9.7636,9.7302,1
9.9374,10.181,10.402,1
10.093,9.6184,10.21,1
10.304,10.122,10.302,1
9.8297,9.7441,10.322,1
10.305,10.224,9.7651,1
10.041,9.6314,9.7533,1
9.9929,9.5547,9.9929,1
9.8505,10.302,9.7083,1
10.133,9.8136,9.6178,1
9.9297,9.9978,10.44,1
9.994,9.9581,9.5566,1
10.259,9.8338,9.6776,1
9.6217,10.012,10.252,1
10.263,10.221,10.298,1
10.002,10.043,9.5475,1
10.253,10.049,10.374,1
10.428,10.111,9.8928,1
10.204,9.6718,10.24,1
9.9627,9.8216,9.5836,1
9.9882,10.056,10.451,1
9.5517,10.072,10.022,1
10.027,10.034,10.452,1
9.992,9.988,9.5457,1
9.8191,9.6351,10.202,1
9.5796,10.123,9.8789,1
10.026,9.9329,9.5512,1
9.6335,10.252,10.093,1
9.8512,9.8044,9.6176,1
10.119,9.9233,10.432,1
9.8015,9.7709,9.6612,1
9.9044,10.276,9.6518,1
9.7512,9.7774,9.6916,1
9.9961,9.7543,10.382,1
9.6314,10.035,9.7363,1
10.056,10.319,10.319,1
10.036,10.078,9.5537,1
10.454,10,9.9784,1
10.393,10.219,10.065,1
10.292,9.8377,10.308,1
9.71,10.295,9.8112,1
10.378,10,9.7482,1
10.044,10.398,10.215,1
10.017,9.9302,10.449,1
9.9688,9.6076,9.7727,1
9.8363,9.8712,10.404,1
9.709,10.229,10.264,1
9.8271,9.5871,9.9211,1
9.6315,10.221,9.8513,1
10.186,10.3,10.287,1
10.342,9.7482,10.162,1
10.404,9.9484,9.7982,1
9.8446,9.9951,10.427,1
10.393,10.129,10.189,1
9.9984,10.1,9.5566,1
9.7121,10.148,9.6811,1
10.119,9.9524,10.436,1
10.066,10.093,9.56,1
10.217,10.087,10.39,1
10,10,9.5455,1
10.1,9.9936,10.443,1
10,10,10.455,1
10.451,10.058,9.9928,1
9.8539,9.9468,9.5729,1
9.937,10.127,9.5681,1
9.67,9.7728,9.7853,1
9.8751,9.9718,9.5639,1
9.9862,9.9959,10.454,1
9.9685,9.7813,9.6028,1
9.8324,9.8996,10.41,1
10.092,9.799,10.397,1
10.05,9.551,9.9496,1
10.321,9.7305,9.8244,1
10.308,9.9406,10.329,1
9.9437,10.065,10.446,1
10.409,9.8053,10.036,1
10.203,9.6214,10.149,1
9.7059,9.7012,10.176,1
10.313,10.02,9.671,1
10.196,10.126,9.61,1
10.35,10.257,10.135,1
9.5489,9.9569,9.964,1
10.341,9.9114,9.7134,1
9.5899,10.179,10.079,1
10.285,10.272,10.227,1
9.7728,10.394,10.007,1
9.8876,9.6754,9.7023,1
10.077,9.9161,10.44,1
9.9778,10.053,9.5491,1
9.7553,10.368,10.107,1
9.82,9.9712,10.416,1
10.159,10.416,9.9069,1
10.21,9.7054,9.7247,1
10.034,9.8076,9.5896,1
9.9713,10.361,10.275,1
9.8485,9.7375,10.339,1
10.021,9.5506,9.9353,1
9.945,10.382,9.7604,1
10.267,9.9123,9.6427,1
9.9282,9.7402,9.634,1
9.8352,10.037,10.422,1
9.7503,9.8712,10.357,1
9.8413,10.058,9.578,1
9.8448,10.139,9.596,1
10.087,9.721,10.348,1
10.077,10.246,9.6256,1
10.107,10.439,10.05,1
9.6024,9.826,9.865,1
10.127,10.238,10.366,1
9.7347,10.349,10.121,1
10.026,10.012,10.454,1
10.268,9.6704,9.8378,1
9.9923,10.028,9.5464,1
9.5385,9.9559,9.9926,1
10.051,9.5397,10.022,1
10.054,10.304,10.346,1
10.01,9.9892,10.463,1
9.9654,9.9728,10.462,1
10.277,10.3,9.781,1
10.304,9.9002,9.6645,1
10.018,10.377,9.7311,1
10.14,9.9637,10.44,1
10.135,10.253,9.6356,1
9.6322,10.161,10.232,1
9.8985,9.8969,9.5595,1
10.141,9.7373,9.6448,1
9.7631,10.356,10.179,1
10.358,10.143,9.7432,1
9.6193,9.7379,9.9633,1
10.101,9.6748,10.315,1
10.365,9.7309,9.905,1
10.447,10.116,10.037,1
10.259,9.636,10.124,1
9.9561,10.076,10.455,1
10.251,10.353,10.165,1
10.325,10.209,10.257,1
10.446,10.028,9.8765,1
10.269,10.128,10.355,1
9.8307,9.5959,10.152,1
9.8348,10.394,9.8209,1
10.021,10.085,9.5447,1
10.197,9.921,10.412,1
10.003,9.9855,9.5366,1
10.078,10.066,9.5478,1
9.9436,10.163,9.5696,1
10.394,10,10.244,1
9.7246,10.217,10.304,1
9.5995,10.206,10.109,1
9.6839,10.321,9.8907,1
10.365,10.269,10.095,1
10.357,10.046,10.292,1
10.122,10.318,9.6854,1
9.871,10.021,10.445,1
10,10,9.5364,1
10.192,9.8389,9.61,1
9.9904,9.9722,10.463,1
9.803,9.6588,9.7556,1
9.8783,10.44,9.9195,1
10.359,9.9772,9.7077,1
9.817,9.7249,10.325,1
10.173,9.7866,10.373,1
9.9592,10.195,9.5814,1
10.184,9.9765,9.5753,1
9.8979,10.003,10.452,1
9.844,9.82,9.6022,1
9.7319,10.352,10.138,1
10.463,10,9.9779,1
10.019,9.5918,10.219,1
10.051,10.458,9.9486,1
10.239,9.772,9.6748,1
9.9732,9.8721,9.5551,1
9.6533,10.126,10.281,1
9.9933,10.422,9.8074,1
9.7319,9.9394,9.6266,1
10.07,10.023,9.5422,1
9.9832,10.212,9.5879,1
10.028,10.034,9.5385,1
9.8639,9.9185,9.5643,1
10.18,9.606,9.8345,1
9.9001,10.06,10.449,1
10.204,9.9031,10.405,1
10.183,9.9648,10.425,1
9.9563,10.039,9.5401,1
9.8695,10.151,10.419,1
9.9296,9.8579,10.436,1
10.212,10.341,9.7682,1
9.7235,9.6367,10.081,1
9.9344,10.456,10.051,1
9.6014,9.883,9.7941,1
10.27,10.15,9.6545,1
10.23,9.8722,10.382,1
9.8581,10.098,10.43,1
10.067,10.215,9.5949,1
9.7374,9.8851,10.364,1
9.8323,10.338,10.269,1
10.148,9.6119,10.206,1
9.8777,9.5577,10.066,1
10.056,9.7686,10.398,1
10.042,10.041,10.46,1
9.9297,10.021,10.458,1
9.7505,10.024,10.39,1
10.295,9.8106,9.6964,1
9.5413,9.9854,9.934,1
9.9708,9.6322,9.7192,1
9.993,9.5619,9.8484,1
9.6857,9.7188,10.193,1
9.8864,10.026,9.5512,1
10.029,10.006,9.5373,1
10.109,10.239,9.6181,1
9.5644,9.8414,10.007,1
10,10,10.464,1
9.9545,9.6833,10.336,1
9.6065,9.7971,9.8623,1
9.9428,9.6024,9.7508,1
9.5337,10.075,9.9775,1
9.8655,9.7978,10.406,1
10.025,9.9456,10.469,1
10.409,9.974,9.7636,1
10.411,10.228,9.9476,1
10.203,10.193,10.381,1
10.011,9.7704,9.5869,1
9.9931,10.436,10.183,1
9.9042,10.458,10.067,1
10.283,9.8179,10.332,1
10.024,10.018,10.472,1
10.021,9.8116,10.433,1
9.9873,10.089,9.5358,1
9.6146,10.113,10.249,1
10.43,10.172,9.9032,1
9.6418,9.7183,10.126,1
10.25,10.21,9.6579,1
9.8702,10.262,9.6284,1
10.047,10.058,9.5332,1
10.242,9.8848,9.6106,1
10.323,10.154,10.31,1
10.116,9.9352,9.5464,1
10.256,10.36,10.169,1
10.025,10.054,9.5311,1
10.213,9.6021,10.14,1
9.7038,10.108,10.352,1
10.163,9.9347,9.5611,1
9.7393,10.156,9.6379,1
9.8797,10.435,9.8596,1
10.111,9.8636,10.439,1
9.9052,9.5471,10.097,1
9.8219,9.9352,9.5669,1
9.9569,9.9873,9.5294,1
9.6571,9.9451,9.6793,1
9.9988,10.015,9.5275,1
10.47,10.03,9.9625,1
9.6825,10.164,9.6904,1
10.151,9.6043,9.7901,1
9.9646,9.5547,10.155,1
9.6296,10.291,10.037,1
10.14,10.046,10.449,1
10.221,9.7604,10.342,1
9.6951,9.6482,9.9179,1
9.624,9.9881,10.286,1
10.151,10.396,10.21,1
9.9224,9.9306,9.5389,1
9.566,9.9586,9.8174,1
9.881,9.5694,9.8454,1
10.409,10,10.236,1
9.839,10.384,10.223,1
10.045,9.9943,10.471,1
9.8384,10.005,9.5558,1
9.6421,9.9192,10.298,1
10.111,10.459,9.9925,1
9.6502,9.8197,10.262,1
9.9926,9.5345,10.082,1
10,10,9.5273,1
10.145,9.9721,9.5509,1
9.7196,10.251,9.7137,1
9.8032,9.6592,9.7381,1
9.9473,9.8936,9.5424,1
10.249,9.6497,10.196,1
10.114,10.368,10.274,1
9.6688,9.6635,10.022,1
10.086,9.9181,10.458,1
10.222,10.058,10.413,1
9.7241,9.6374,9.874,1
9.8257,9.8956,9.5732,1
10.133,10,10.454,1
9.6216,10.261,9.8886,1
10.08,9.5476,10.111,1
10.178,9.7137,9.6684,1
9.6363,9.7496,9.8313,1
10.132,10.247,9.6193,1
10.409,10.079,9.7767,1
10.196,9.856,9.5944,1
10.008,10.161,10.444,1
10.016,10.025,9.5282,1
10.453,9.8825,9.9327,1
9.9925,10.013,10.472,1
10.215,10.138,9.6023,1
10,10,10.473,1
9.7659,10.102,10.398,1
9.6167,10.037,9.7258,1
9.8139,9.9185,10.427,1
10.057,9.952,10.467,1
10.027,9.9146,10.464,1
9.5806,10.095,9.8036,1
10.289,9.9052,10.362,1
10.012,10.104,10.461,1
9.812,10.191,10.389,1
10.069,9.716,10.372,1
9.8185,9.5667,10.052,1
9.88,9.6533,9.7019,1
10.06,10.342,10.321,1
9.6905,10.357,10.008,1
9.88,10.18,9.5798,1
9.9292,10.205,10.42,1
10.313,10.04,9.6477,1
10.224,9.6391,9.7725,1
10.166,10.067,10.447,1
10.305,9.8998,9.6409,1
9.9698,9.9952,9.5192,1
9.9485,10.186,10.441,1
9.5209,9.9543,10.023,1
9.9635,9.5414,10.143,1
10.179,10.171,9.5866,1
9.5653,10.19,9.9163,1
10.43,9.8884,9.8139,1
9.7861,10.432,10.008,1
9.9016,10.47,10.038,1
9.9412,9.7872,9.5717,1
9.8393,9.9637,9.5472,1
9.8673,10.317,10.338,1
10.122,10.132,9.5527,1
9.9927,10.46,9.8569,1
10.361,9.9539,10.316,1
9.5544,9.8692,9.8716,1
10.2,9.8326,9.5947,1
10.154,9.5967,9.786,1
9.7001,10.206,9.6845,1
9.8469,9.5575,10.114,1
10.311,10.081,10.359,1
9.9864,9.9726,10.481,1
10.14,9.8667,9.5586,1
9.9941,9.6261,9.6962,1
9.6104,10.201,10.2,1
10.07,10.059,9.5269,1
10.05,9.9064,9.53,1
10.398,10.051,10.267,1
9.8762,9.9147,9.5422,1
10,10,10.482,1
9.6604,10.1,10.327,1
9.9049,10.075,9.5336,1
10.362,9.7331,10.172,1
10.348,10.256,10.214,1
9.9886,10.01,9.5184,1
9.9161,9.5993,10.254,1
10.057,9.9773,10.478,1
10.26,10.085,9.6031,1
10.023,10.073,9.5242,1
9.5487,10.164,9.9618,1
10.023,9.5236,10.069,1
9.9935,9.9547,9.5204,1
9.9907,10.012,10.482,1
10.067,9.7224,10.388,1
9.8896,10.191,10.428,1
10.327,10.182,10.304,1
10.077,9.7513,10.405,1
9.7373,9.6968,9.7331,1
9.5829,9.8174,10.158,1
9.9496,10.35,9.6731,1
9.793,10.007,9.565,1
10.426,10.203,10.099,1
10.096,9.9544,10.47,1
9.6883,10.317,10.186,1
10.273,10,10.397,1
9.8863,9.9586,10.466,1
9.7059,10.047,9.6213,1
10.247,10.016,10.413,1
9.7343,10.159,10.369,1
9.9234,10.221,10.421,1
9.8835,9.9303,9.5377,1
9.5559,10.1,9.8424,1
10.02,10.417,10.241,1
9.5214,9.9848,10.053,1
9.7689,9.6526,9.7591,1
10.379,9.7567,9.828,1
9.7668,9.763,9.6513,1
10.383,10,10.292,1
10.027,10.071,10.476,1
10.091,9.9942,10.473,1
10.111,10.458,9.9013,1
10.047,9.5779,10.228,1
9.7045,9.8476,10.349,1
10.053,10.476,9.9466,1
10.031,9.9664,10.48,1
10.079,10.111,10.462,1
10.082,10.467,10.084,1
9.7594,9.5832,9.9771,1
10.119,9.7401,9.612,1
10.181,10.338,9.7082,1
10.46,9.9114,9.8864,1
10.157,10.253,10.379,1
9.6251,9.7052,9.9314,1
10,10,9.5182,1
9.6845,10.364,9.9924,1
9.8418,9.6224,9.746,1
9.7075,9.7383,9.7205,1
9.9814,10.234,9.579,1
10.337,10.065,9.662,1
9.8503,10.014,10.458,1
10.293,10.36,10.128,1
9.9631,9.9515,9.5221,1
10.343,9.8092,10.279,1
10.12,9.8313,10.435,1
10.276,9.6598,9.7998,1
10.139,10.089,10.453,1
9.8284,10.258,9.6309,1
9.6446,9.8168,10.285,1
10.441,10.21,10.054,1
10.076,10.015,9.5153,1
10.143,9.7325,9.6141,1
10.369,9.9043,10.31,1
9.9926,10.464,9.8394,1
10.014,9.9933,9.5093,1
9.7553,10.424,10.039,1
9.5094,9.9844,9.9922,1
10.049,9.5562,9.7961,1
9.9902,9.8771,9.5248,1
9.8251,9.5824,10.19,1
9.7191,9.6308,10.161,1
9.8968,10.298,10.376,1
10.182,10,10.456,1
9.6817,10.191,9.6785,1
9.853,9.9568,10.466,1
9.6105,9.8295,10.245,1
9.6252,10.11,9.7027,1
10,10,10.491,1
10.063,10.258,10.413,1
9.9914,10.108,9.5212,1
9.8224,10.358,9.7152,1
10.093,9.9941,10.482,1
10.485,10.031,9.9301,1
9.9597,10.193,9.5503,1
9.9306,9.6684,10.355,1
10.234,10.094,10.421,1
10.265,10.171,9.6239,1
9.8693,9.5274,10.023,1
10.344,9.779,10.272,1
10.013,9.7219,10.404,1
10.321,9.6524,9.8692,1
9.9071,10.003,9.518,1
9.5799,10.184,9.8248,1
9.6582,10.306,10.175,1
10.137,10.018,10.471,1
10.145,10.466,9.9456,1
10.211,10.201,10.395,1
9.5313,9.8941,9.8995,1
10.008,9.9868,10.491,1
10.343,10.113,9.6669,1
10.425,9.9181,9.7682,1
10.173,10.278,9.6341,1
9.852,9.8496,9.5567,1
9.6787,10.253,9.7281,1
10.321,10.348,10.131,1
9.8002,10.3,10.333,1
9.89,9.8731,9.5387,1
9.5848,9.9603,10.259,1
10.296,9.6362,10.146,1
10.438,10.114,9.8103,1
10.183,9.5999,10.218,1
10.173,9.8353,9.571,1
9.9361,10.044,10.485,1
10.069,9.7171,9.6047,1
10.147,10.082,10.461,1
10.209,9.884,10.429,1
9.7338,9.5999,10.101,1
9.8324,9.85,9.5637,1
9.6142,9.6966,10.008,1
10.264,9.9131,9.5956,1
10.099,9.9269,10.475,1
9.994,9.619,9.6905,1
10.057,10.126,9.529,1
9.952,9.9031,10.479,1
9.6329,10.134,10.297,1
10.455,9.8178,9.9766,1
10.193,10.162,9.5788,1
9.5692,10.041,10.232,1
9.7914,9.6387,9.7412,1
9.7709,10.264,9.6556,1
10.045,9.8537,9.5336,1
9.9304,10.484,9.9611,1
10.365,9.6933,9.8843,1
10,10,9.5091,1
9.7917,10.033,10.443,1
9.6989,10.155,9.6447,1
9.9467,9.9681,9.513,1
9.5434,9.8338,10.07,1
10.008,10.046,10.489,1
9.9834,10.06,10.487,1
9.7296,10.355,10.204,1
9.9847,9.9559,9.5113,1
10.015,10.027,10.49,1
10.265,10,9.587,1
9.6712,10.334,9.8542,1
10.48,9.9388,10.085,1
10.106,10.149,9.5443,1
9.8735,10.302,10.366,1
9.9321,9.5278,10.116,1
10.173,9.5484,9.9148,1
10.124,10.153,10.45,1
10.039,10.348,10.344,1
9.8147,9.8724,10.436,1
10.157,10.411,9.782,1
10.074,9.5813,9.7545,1
10.025,10.018,9.5101,1
9.6381,10.082,10.321,1
9.7004,9.9521,10.386,1
9.5153,9.8905,9.9446,1
10.125,10.016,9.516,1
9.5304,9.8621,9.8976,1
9.6724,10.333,9.8216,1
9.8584,10.409,10.25,1
10.408,10.227,10.178,1
10.173,10.127,10.451,1
10.118,9.7421,9.5882,1
10.017,10.367,9.6607,1
9.7503,10.433,9.9762,1
9.5865,10.248,10.133,1
9.9054,10.003,10.491,1
9.661,10.303,10.208,1
9.7773,10.097,9.5631,1
10,10,10.5,1
10.301,10.287,9.723,1
9.964,9.8959,10.488,1
9.7796,9.8681,10.429,1
9.9727,10.344,10.362,1
10.136,10.035,9.5203,1
10.168,9.6859,10.351,1
9.6425,9.7189,9.7923,1
9.9755,9.6919,10.393,1
10.039,9.8971,9.5123,1
9.7666,10.269,9.6493,1
10.101,9.9255,10.484,1
10.04,10.049,9.504,1
10.08,10.258,10.421,1
10.004,10.015,10.5,1
10.019,9.5932,10.29,1
9.7259,9.588,10.071,1
9.7847,9.9216,10.444,1
10.218,9.7639,10.383,1
10.193,10.124,9.5556,1
9.9562,10.066,9.5063,1
10.241,10.339,10.277,1
9.5895,9.7174,9.9604,1
10.177,9.942,10.464,1
10.131,9.5791,10.236,1
9.7379,10.206,10.373,1
10.264,10.222,9.6381,1
10.338,10.366,10.04,1
9.7697,9.7939,9.607,1
9.6269,9.9403,9.6726,1
9.8218,9.9081,9.5419,1
10.486,10,10.118,1
10.466,9.879,9.8668,1
9.8758,9.7036,9.617,1
10.291,10.056,9.5974,1
9.928,9.7395,9.5794,1
10.47,10.154,9.9288,1
10.047,10.003,9.5023,1
10.306,9.6229,9.8821,1
9.9978,10.141,10.48,1
9.6551,10.178,10.315,1
10.022,9.908,9.509,1
10.442,9.7897,10.102,1
9.8298,10.016,10.47,1
10.212,9.8818,10.437,1
9.5702,10.126,9.778,1
10.398,10.189,9.7639,1
10.029,9.9882,9.501,1
10.156,10,9.525,1
10,10,9.5,1
9.6119,10.088,10.303,1
10.356,9.6602,10.087,1
9.5513,10.163,10.148,1
10.098,9.8421,9.5358,1
9.8322,10.339,10.327,1
9.9466,10.193,10.458,1
9.9556,9.9549,10.496,1
10.052,10.47,9.8365,1
9.5929,9.9871,9.71,1
9.5907,10.282,10.055,1
9.778,9.5521,10.008,1
9.698,9.6515,10.193,1
10.243,10.392,9.8068,1
9.9634,9.7458,9.571,1
10.099,9.8607,9.5302,1
9.6975,10.397,10.024,1
10.309,9.8014,10.339,1
10.022,10.042,10.498,1
9.9843,10.003,9.5003,1
10.443,10.177,9.8515,1
9.9684,9.997,10.499,1
9.9931,9.567,9.75,1
10.061,9.9492,10.494,1
10.421,9.9462,10.264,1
9.9395,10.421,9.7364,1
10.142,10.372,9.6972,1
9.968,10.153,10.475,1
10.291,9.9439,10.403,1
10.031,9.7182,10.412,1
10.333,9.9789,9.6274,1
10.078,10.441,10.222,1
9.542,9.7996,9.9921,1
10.082,9.5347,10.164,1
9.8501,10.358,9.6847,1
9.7538,9.5736,9.9132,1
10.089,10.195,9.5485,1
10.211,9.8449,9.5632,1
9.7863,9.9065,10.452,1
9.8419,9.9849,9.5163,1
9.6385,10.132,9.6666,1
9.9933,10.424,9.718,1
9.7821,9.5604,9.8643,1
9.658,10.176,10.333,1
9.6433,10.362,10.024,1
10.34,10.324,9.8033,1
10.141,9.9729,9.5115,1
9.9464,9.744,10.437,1
9.9761,9.6991,9.59,1
10.156,10.03,10.484,1
10.197,10.277,9.6206,1
10.295,9.8594,10.39,1
9.726,9.5881,10.12,1
9.8762,10.214,10.445,1
9.9047,9.9147,10.493,1
10.345,9.8079,10.321,1
9.9732,10.04,10.507,1
10,10,10.509,1
9.7974,10.409,9.7739,1
9.5951,9.9871,9.6917,1
10.36,10.302,10.197,1
9.8979,9.8232,9.5336,1
10.208,10.389,9.7455,1
9.9924,10.096,9.5001,1
9.7061,9.6609,10.24,1
10.343,10.372,9.9436,1
10.096,10,10.5,1
10.03,10.171,9.5216,1
10.16,10.419,9.7596,1
9.9934,9.5854,10.295,1
10.4,10.257,9.8183,1
9.9752,9.8277,10.478,1
9.836,9.5262,10.088,1
9.9679,10.003,10.508,1
9.859,10.126,9.5274,1
10.389,9.6738,9.9597,1
10.086,10.276,9.5807,1
9.8773,10.036,9.5072,1
9.7803,9.7113,10.357,1
10.204,10,10.466,1
9.638,10.158,9.679,1
10.003,9.9356,10.505,1
9.9276,10.503,9.9758,1
10.211,9.537,9.9919,1
10.151,9.6041,10.282,1
9.7088,9.8256,10.379,1
9.9131,10.114,10.488,1
10.182,10.224,10.419,1
10.01,10.219,10.46,1
10.349,9.7758,9.7047,1
10.123,9.8018,9.5475,1
10.263,10.423,9.8957,1
9.6461,10.08,9.6429,1
10.475,10.03,10.182,1
10.004,9.9679,9.4919,1
10.088,9.5037,9.9275,1
9.7733,9.8439,9.5717,1
9.7526,9.8055,10.4,1
10.294,9.6822,10.268,1
10.439,10.209,9.8488,1
9.9266,10.085,9.5034,1
9.9285,9.9631,9.4973,1
9.8766,9.5537,9.7885,1
10.44,10.245,10.072,1
9.8335,10.481,10.008,1
9.6243,10.259,10.226,1
10.055,10.495,10.104,1
10.432,9.9726,9.7316,1
9.9382,10.295,10.41,1
9.9845,9.9954,9.4912,1
10.023,9.9573,9.4932,1
9.7315,9.9394,10.428,1
10.081,9.9226,10.497,1
10.015,10.005,10.509,1
10.385,9.8736,10.308,1
9.8211,9.5729,10.211,1
9.8222,9.9353,10.473,1
10.502,10.064,10.056,1
10,10,9.4909,1
9.7192,10.168,9.61,1
10.104,9.5715,10.255,1
10.146,9.5314,10.136,1
9.7536,9.7496,9.6316,1
9.9196,10.003,10.503,1
10.088,10.363,10.345,1
9.4989,10.08,10.04,1
10.387,10.285,9.8335,1
10.279,9.6081,10.167,1
10.06,10.024,9.495,1
9.6307,9.9409,9.6546,1
10.24,10.062,9.5551,1
10.198,9.7557,9.5998,1
10.459,9.8161,9.88,1
10.208,10.456,9.9116,1
9.828,10.135,9.5403,1
9.9064,10.339,10.368,1
10.482,9.9385,10.151,1
10.35,9.6205,9.9589,1
9.6865,9.7841,10.352,1
9.5555,9.7339,10.008,1
10.204,9.6197,9.713,1
9.5652,9.9304,9.7268,1
10,10,10.518,1
9.7145,9.6249,10.215,1
9.7526,9.5715,10.154,1
9.7081,10.261,10.339,1
9.6831,10.19,9.6365,1
9.699,9.8904,10.407,1
9.9047,9.6553,10.375,1
9.7585,9.8101,10.417,1
9.5398,10.167,10.169,1
10.091,10.17,9.5189,1
9.8257,9.7988,9.5554,1
10.424,10.272,10.122,1
9.9701,10.143,9.5028,1
10.15,10.143,9.5253,1
9.932,9.5269,9.7998,1
10.456,9.971,9.7553,1
10.182,10.153,10.461,1
9.4931,9.9839,10.106,1
9.7147,9.5712,10.057,1
9.7692,10.159,9.5641,1
9.7825,10.439,9.8305,1
9.9574,9.877,10.502,1
10.018,10.046,10.516,1
10.496,10.129,9.9263,1
9.7448,10.442,9.91,1
9.9352,10.01,10.514,1
10.463,10.029,10.23,1
10.406,9.7014,9.8778,1
10.028,10.159,10.492,1
10.064,10.012,9.486,1
9.992,9.4929,9.8939,1
10.426,10.203,9.7847,1
9.6398,10.081,10.363,1
10.484,10,10.185,1
10.3,9.5792,10.041,1
10.005,9.886,9.4946,1
10.299,10.419,9.9426,1
10.275,9.947,10.436,1
10.012,10.048,9.4842,1
10.323,9.7287,10.301,1
10.02,9.8239,9.5131,1
9.8526,10.222,10.445,1
10.199,10.216,10.427,1
9.6911,9.6862,10.273,1
10.014,9.9911,10.518,1
10.321,10.128,9.6138,1
9.8839,10.134,10.487,1
10.326,9.5983,9.9753,1
10.004,10.033,10.517,1
10.502,9.8699,9.9918,1
9.5464,9.7662,10.09,1
9.9103,10.071,10.505,1
10,10,9.4818,1
9.9201,9.982,9.4883,1
10.436,10.243,9.8619,1
10.213,10.467,10.074,1
10.174,9.9172,10.481,1
9.5621,10.192,10.2,1
9.6743,10.331,9.7699,1
9.9824,10.222,10.468,1
10.136,9.5638,10.245,1
10.023,9.8718,9.4984,1
10.118,10.087,10.497,1
9.9176,9.6063,10.327,1
10.33,9.9578,10.397,1
10.206,10.026,10.475,1
9.5355,10.136,9.8151,1
10.298,9.7154,9.6862,1
10.177,9.5378,9.8461,1
10.452,9.7483,10.025,1
10.078,10.026,10.512,1
10.202,10.249,9.5927,1
9.996,10.252,9.5472,1
10.464,9.8144,10.138,1
10.186,9.5918,9.7409,1
9.5533,9.9573,10.259,1
10.052,9.9167,9.4912,1
9.9024,10.009,10.509,1
9.8865,9.729,9.5732,1
9.7518,9.7779,9.603,1
9.6929,10.158,10.386,1
9.6242,9.8897,9.6607,1
10.307,10,9.5827,1
10.017,10.357,9.625,1
9.914,10.205,9.5321,1
9.9282,9.8551,9.5077,1
9.9946,10.016,9.4821,1
9.9672,10.001,9.4829,1
9.8901,10.397,10.314,1
9.6316,9.8388,9.6733,1
10.059,9.7552,10.453,1
9.7387,10.343,10.287,1
10.362,9.8812,9.6484,1
10.071,10.227,9.5394,1
9.9399,10.418,9.6994,1
9.828,10.347,9.6422,1
10.031,9.8713,9.4896,1
10.039,10.126,10.51,1
9.9918,10.516,10.108,1
10.493,10,9.8118,1
10.022,10.472,10.234,1
9.9495,10.066,9.4794,1
10.463,9.8148,9.8275,1
9.9704,9.9402,9.477,1
10.248,9.9356,9.5392,1
9.8829,9.824,10.483,1
10.346,10.114,10.382,1
10.199,9.5637,9.781,1
10.441,9.7167,9.9416,1
9.6776,10.193,9.6301,1
9.8936,10.047,10.514,1
9.7336,9.7905,10.404,1
9.8792,10.288,9.5754,1
10.007,9.9337,10.523,1
10.239,9.799,10.425,1
10.226,10.365,10.306,1
9.494,9.919,9.8757,1
10.177,10.034,10.495,1
10.108,10.444,9.7364,1
9.8616,10.5,9.9084,1
10.277,9.5534,9.9582,1
9.9266,9.4892,9.892,1
9.9946,9.6611,9.5961,1
10.131,9.8154,10.476,1
10.186,9.5125,9.925,1
9.7104,10.199,10.393,1
9.502,10.016,10.172,1
10.285,9.8415,10.414,1
9.7131,9.9158,10.434,1
10.304,9.7105,9.6807,1
10.304,10.329,10.278,1
10.076,9.7552,10.461,1
9.8538,9.9246,10.501,1
9.6644,9.6127,10.124,1
10.002,9.9499,10.525,1
9.6774,10.372,10.188,1
10.321,10.236,9.6547,1
10.426,9.9456,9.6942,1
9.7014,9.8693,9.5855,1
9.9674,10.007,9.4738,1
10.211,10.462,10.141,1
9.9833,9.9984,9.473,1
9.8697,10.377,10.345,1
10.075,9.9642,10.521,1
9.6071,10.352,10.008,1
9.7211,10.419,9.8434,1
9.9789,10.147,9.4941,1
9.8041,9.9938,9.5105,1
10.128,10.239,9.5476,1
9.8204,9.5713,10.249,1
10.479,10.03,10.219,1
10.409,10,10.332,1
10.449,9.8526,9.7659,1
10.037,9.7918,9.517,1
10.51,9.9017,10.092,1
9.9185,9.9172,9.4857,1
10,10,9.4727,1
10.364,10.094,10.37,1
9.7871,9.7202,9.607,1
10.382,10.364,9.9916,1
9.568,9.7414,10.157,1
10.185,10.155,9.5313,1
9.9632,9.5367,9.751,1
9.739,9.548,10.075,1
9.8277,9.5023,9.9749,1
10.024,9.9558,9.4751,1
9.7448,10.259,9.6184,1
10.425,10.236,10.204,1
9.5491,10.072,10.264,1
10.485,9.9692,9.7963,1
10.35,10.166,10.358,1
10.033,10.004,10.526,1
9.7652,9.8384,10.444,1
9.9796,10.098,9.4823,1
9.7401,10.076,10.452,1
10.016,10.006,10.527,1
9.8362,10.016,9.4991,1
9.5328,10.241,10.042,1
10.049,10.436,9.7079,1
9.719,10.102,9.5657,1
10,10,10.527,1
9.6213,9.6611,9.8595,1
9.9416,9.721,9.5564,1
9.9809,10.241,10.469,1
9.8604,9.9492,10.506,1
10.124,10.152,10.49,1
10.084,10.054,10.518,1
9.883,9.5769,10.292,1
9.4863,9.884,10.025,1
9.6783,10.253,9.6675,1
9.738,10.454,10.058,1
10.15,10.392,10.319,1
10.361,9.7344,9.722,1
10.039,10.223,9.5239,1
10.114,9.86,9.5045,1
10.072,9.7044,10.442,1
10.011,10.013,9.4639,1
9.63,9.8092,10.338,1
9.9254,9.8878,10.519,1
9.967,9.585,9.6618,1
10.459,10.255,10.11,1
9.9406,10.284,9.5488,1
9.4811,10.05,9.8735,1
9.9924,9.5195,10.238,1
9.9688,10.014,9.4647,1
9.6169,10.229,9.7029,1
10.211,9.8229,10.46,1
9.6898,9.5924,10.159,1
9.9819,10.065,9.468,1
10.054,9.8588,10.515,1
9.4895,10.082,9.8571,1
9.9085,10.12,9.4854,1
10.037,10.212,9.5086,1
9.5351,10.169,9.7928,1
9.6726,9.9476,9.5784,1
9.763,10.212,9.5681,1
9.9253,9.4803,9.8901,1
10.085,10.055,10.527,1
10.093,10.383,10.364,1
10.523,10.101,10.059,1
9.8604,9.5967,10.325,1
10,10,10.536,1
9.5755,9.7459,10.207,1
9.6603,9.6961,9.7172,1
10.423,9.8306,10.283,1
9.8042,10.468,10.175,1
10.091,9.4867,10.126,1
10.057,10.509,9.8407,1
10.011,10.23,9.5157,1
10.5,9.9682,10.191,1
10,10,9.4636,1
10.388,9.6303,10.026,1
9.6569,9.8992,10.4,1
10.154,9.9008,9.496,1
10.345,10,9.5891,1
9.9915,10.536,9.9915,1
10.437,10,9.6889,1
10.053,9.9342,10.53,1
10.149,10.478,9.8086,1
10.432,9.682,10.009,1
9.986,10.01,10.536,1
9.993,9.9667,10.535,1
10.153,9.7536,10.451,1
9.5464,10.133,10.253,1
9.9196,10.232,9.5233,1
9.7033,10.067,9.5582,1
10.021,9.5636,10.311,1
10.087,10.162,10.504,1
10.161,10.118,9.5021,1
9.9906,10.118,10.523,1
10.193,9.5775,9.7318,1
9.671,10.17,10.388,1
9.6867,9.6817,10.297,1
9.7704,9.5368,10.143,1
10.259,10.281,9.6238,1
10.189,10.493,9.9069,1
9.7157,10.289,9.6488,1
9.7941,9.5083,9.9406,1
10.527,9.9328,10.076,1
9.8917,9.9526,9.4768,1
10.531,10.068,9.9745,1
10.05,9.8402,10.51,1
9.5294,9.9551,9.7467,1
9.5848,9.6735,10.093,1
10.493,10.197,9.9237,1
10.363,10.119,10.376,1
9.7851,10.007,10.491,1
9.5484,9.8356,9.7618,1
10.035,9.6839,10.432,1
10.222,10.486,10.043,1
10.257,10.415,10.223,1
10.235,10.112,10.469,1
9.7091,10.229,9.6118,1
10.346,9.9102,9.6003,1
9.9445,10.064,9.4704,1
9.7313,9.9393,9.5398,1
10.374,10.314,9.7772,1
10.078,9.8903,9.4808,1
9.9661,10.059,10.532,1
10.177,9.8084,9.5313,1
9.8649,9.5115,9.8246,1
9.7269,9.812,10.422,1
10.097,10.136,9.4904,1
9.9239,10.529,9.9575,1
10.024,9.9551,9.4661,1
10.048,9.9841,10.534,1
9.8909,10.22,10.477,1
10.387,9.9254,9.6361,1
10.092,9.9564,9.4733,1
9.8276,9.7014,10.411,1
10.373,9.7925,9.6752,1
10.223,10.058,10.484,1
9.7755,10.337,10.351,1
9.8008,9.9937,10.498,1
10.336,10.321,10.268,1
9.7108,9.7062,10.357,1
9.8765,9.5533,9.7124,1
10.097,9.7868,9.5075,1
10.219,10,9.5003,1
9.8729,9.6326,9.6174,1
9.8394,10.211,9.5234,1
9.8969,10.062,10.532,1
10.229,9.7523,10.429,1
9.7037,9.8703,10.439,1
9.8645,9.6766,10.418,1
9.9693,10.062,10.541,1
9.468,9.8798,10.009,1
10.463,9.9706,10.288,1
10.362,10.392,9.8883,1
9.5803,9.7111,9.8053,1
10.06,10.539,10.06,1
10.317,9.8493,9.5822,1
9.9523,9.9282,10.539,1
9.9232,9.8669,9.4766,1
9.8143,10.081,10.506,1
10.081,10.131,10.523,1
10.397,10.255,9.7273,1
9.594,9.6367,10.026,1
10.043,10.246,9.5152,1
10.313,9.6149,10.227,1
10.09,10.05,10.536,1
9.8561,10.52,9.9224,1
10.477,10.061,9.7424,1
10.263,9.749,9.5935,1
10.074,10.239,10.485,1
10.307,9.7424,10.37,1
10.129,10.53,9.9913,1
9.9354,9.5505,9.6979,1
10.021,9.9341,9.4589,1
10.155,9.7494,9.5411,1
10.093,9.4742,10.112,1
9.747,9.8485,10.459,1
10.218,9.9129,10.493,1
10.384,10.366,9.8714,1
9.5214,10.046,10.258,1
9.4799,9.8473,9.9395,1
9.861,10.124,9.4874,1
9.9936,9.5994,9.6299,1
10.226,10.166,10.468,1
10.017,9.9967,9.4548,1
9.6983,10.068,9.5507,1
10.071,10.155,9.4818,1
9.5336,10.075,10.273,1
9.9973,9.9655,10.544,1
9.506,9.8202,9.8547,1
9.9447,10.385,10.383,1
9.9651,9.8334,10.518,1
9.61,10.307,9.7734,1
10.347,9.7771,9.6428,1
10.5,10.096,10.195,1
10.08,10.032,9.4614,1
10.097,9.9288,9.4679,1
10.016,9.9946,10.545,1
10.01,9.7975,9.4936,1
10.048,9.5686,9.6697,1
10.352,10.091,10.407,1
10.488,10.031,9.7578,1
10.134,9.6484,9.6052,1
10.243,10.454,9.8216,1
9.917,9.891,9.472,1
9.9984,10.103,9.4644,1
10,10,10.545,1
10.045,9.9748,9.457,1
9.8296,10.492,10.162,1
9.8631,9.9957,10.528,1
9.8789,10.182,10.5,1
9.5157,9.7503,9.974,1
10.213,10.262,9.5712,1
9.9574,10.535,10.095,1
9.5575,10.305,9.9053,1
9.8944,10.505,10.178,1
10,10,9.4545,1
9.4914,10.149,10.129,1
9.98,10.048,10.543,1
10.43,9.8884,9.6836,1
10.125,9.7662,10.477,1
10.186,10.487,9.838,1
9.7251,10.142,10.449,1
9.68,9.6306,10.242,1
10.248,10.208,9.5608,1
9.9172,9.8328,10.513,1
10.246,10.345,10.344,1
10.478,10.157,10.211,1
10.315,9.5571,10.043,1
9.4565,10.017,9.9568,1
9.643,9.7193,10.302,1
9.6705,10.38,9.7893,1
10.253,10.12,9.532,1
10.127,9.4753,10.078,1
10.025,10.525,10.145,1
9.6955,10.309,10.33,1
9.8118,10.326,10.395,1
9.9658,9.9945,9.4556,1
9.5577,9.9578,10.316,1
10.423,10,9.6561,1
10.288,9.5953,10.246,1
10.262,9.5117,9.9736,1
9.4597,9.878,10.026,1
9.5331,9.8301,9.7537,1
10.311,9.8267,10.425,1
10.25,9.9519,10.493,1
9.587,10.121,9.6503,1
9.6863,9.5878,9.8021,1
10.482,10.268,10.061,1
10.016,9.9935,10.554,1
9.5845,9.714,9.7696,1
10.064,9.6359,9.5867,1
10.071,9.9229,9.4555,1
10.225,9.5063,9.8864,1
10.299,9.981,10.467,1
10.051,9.9868,9.448,1
9.5342,10.24,9.8186,1
10.329,10,10.447,1
9.648,10.056,9.5752,1
10.179,9.8682,10.508,1
9.5862,10.181,10.322,1
10.517,10.033,10.198,1
9.9753,9.9749,10.553,1
9.4888,9.9838,10.214,1
9.7352,10.459,10.165,1
9.9489,9.8524,9.4679,1
10.009,10.189,9.4789,1
10.056,10.232,9.4993,1
10.125,10.119,10.527,1
9.6119,10.267,10.292,1
9.6379,9.8415,9.611,1
9.9376,9.9678,9.4499,1
9.8999,9.5216,9.7381,1
9.9826,9.9972,9.4457,1
10.046,10.417,10.363,1
10.133,10.111,9.4731,1
9.5642,10.343,9.9912,1
10.233,9.625,9.6642,1
10.543,10,10.114,1
9.747,10.024,9.5071,1
9.9937,10.395,10.389,1
9.9323,10.102,10.541,1
10.026,9.4478,10.044,1
10.013,9.9671,9.4466,1
10.378,10.18,9.6368,1
9.8871,10.539,9.9385,1
9.9875,9.9133,10.548,1
10.088,9.8919,9.4632,1
9.789,9.4963,9.9037,1
9.638,10.418,9.9561,1
9.8429,10.454,10.277,1
9.5909,9.634,10.079,1
10.059,10.064,9.4524,1
10.31,9.8527,10.436,1
10,10,9.4455,1
10.099,10.217,10.501,1
10.082,10.464,9.7076,1
10.137,10.357,10.401,1
9.9613,9.5127,10.262,1
9.5612,9.7373,9.7858,1
9.5928,10.013,10.376,1
10.227,10.423,9.7227,1
9.9462,10.128,10.537,1
10.283,9.9639,10.476,1
10.458,10.058,9.6928,1
10.057,10.042,10.55,1
9.7687,10.138,10.485,1
10.131,10.421,10.336,1
10.18,9.9408,10.521,1
10.114,9.6346,9.5987,1
9.8554,10.147,10.515,1
9.7831,10.049,9.492,1
10.488,10.127,10.23,1
9.687,9.9701,9.5432,1
10.343,9.7798,9.6237,1
9.854,10.295,9.5534,1
10.5,10.2,9.8693,1
9.9357,10.447,9.6783,1
9.9681,10.042,10.552,1
9.738,9.5462,10.181,1
9.9941,9.6303,10.413,1
10,10,10.555,1
9.5661,10.158,10.307,1
9.4872,9.8494,10.148,1
9.6405,9.5852,9.9211,1
10.334,10.411,9.8353,1
10.217,9.7931,9.5335,1
9.9162,10.303,10.457,1
10.055,10.089,10.545,1
10.129,9.4693,10.096,1
10.527,10.173,10.009,1
9.7877,10.19,9.5242,1
10.337,10.065,9.5641,1
10.03,9.732,9.5154,1
10.45,10.289,9.8522,1
10.12,10.168,9.4852,1
10.12,9.8996,10.532,1
9.9674,9.8822,9.4591,1
9.9573,10.537,10.131,1
9.7616,9.6417,10.35,1
9.9911,9.9845,10.563,1
9.8497,9.6412,9.5921,1
9.7769,9.9643,9.4836,1
10.21,9.7049,10.432,1
10.319,9.9797,9.5357,1
10.413,9.696,10.234,1
10.09,9.9143,9.4502,1
9.9251,10.521,9.7988,1
9.7261,10.215,10.443,1
10.126,10.407,10.369,1
9.6313,9.5745,10.027,1
9.9766,10.027,9.4375,1
9.6047,9.5984,10.009,1
10,10,10.564,1
10.176,10,9.4645,1
10.053,10.01,9.4389,1
10.176,10,10.535,1
10.425,10.273,9.7497,1
9.7261,10.009,10.493,1
9.5812,10.251,10.282,1
9.7635,9.5228,9.8157,1
10.142,9.8461,9.4767,1
9.9628,10.468,10.312,1
10,10,9.4364,1
10.131,10.539,10.098,1
9.9449,10.111,10.55,1
9.9672,9.5873,10.382,1
10.504,10.202,9.8498,1
10.302,10.144,9.5461,1
10.044,9.903,10.553,1
10.087,9.9831,10.557,1
9.7832,10.064,10.516,1
10.202,9.7519,10.464,1
9.6942,9.5981,10.25,1
10.272,10.259,10.42,1
10.444,10.327,10.115,1
9.8823,10.281,10.474,1
9.9605,10.059,10.559,1
10.209,10.013,10.523,1
10.412,9.654,9.8326,1
10.253,9.8592,9.5164,1
10.039,10.346,9.557,1
10.234,9.9392,9.4911,1
10.449,9.7865,9.7338,1
9.7873,10.146,10.501,1
9.8436,10.206,9.499,1
9.4407,9.9466,9.9553,1
10.095,10.539,9.8671,1
9.6334,9.9172,9.5799,1
9.6431,10.319,9.7028,1
9.927,9.4925,9.7659,1
9.6553,9.7937,9.6046,1
9.6109,10.142,9.6176,1
10.163,9.477,10.133,1
10.431,10.362,9.9732,1
10.312,10.438,10.167,1
9.9481,9.8499,9.4592,1
9.4469,10.089,9.9375,1
10.131,10.142,10.53,1
9.6578,9.6939,10.327,1
10.075,10.12,9.4544,1
9.9228,10.279,10.484,1
9.5889,9.8504,9.6446,1
10.389,10.101,10.395,1
9.9121,9.9395,9.4465,1
10.217,9.5953,9.6731,1
9.9287,9.9977,9.4409,1
9.7401,10.45,9.7822,1
10.174,9.544,9.7182,1
10.183,10.06,9.4704,1
10.106,9.5641,9.6587,1
9.9927,9.965,10.563,1
10.198,10.519,9.9021,1
9.9916,10.526,10.201,1
10.53,9.8259,10.08,1
9.971,10.139,10.546,1
9.764,9.6454,9.6309,1
10.012,9.758,10.509,1
10.445,9.9432,10.341,1
9.6095,9.6929,10.266,1
9.9035,9.6508,9.5682,1
9.7564,10.126,9.5075,1
10.127,10.277,9.5258,1
10.083,9.5283,10.297,1
9.9524,9.9754,10.561,1
10.009,9.9848,9.4366,1
10.464,9.7017,9.8846,1
10.465,10.059,9.6878,1
9.9911,9.4399,10.062,1
9.6939,10.134,10.454,1
9.8258,10.503,10.184,1
10.058,9.4833,10.218,1
10.34,10.189,10.408,1
9.4837,9.774,9.9911,1
9.6059,10.4,10.045,1
10.147,9.941,10.541,1
9.9146,9.9749,9.4434,1
10.343,10.422,10.15,1
10.021,10.437,10.355,1
9.4558,10.123,9.9198,1
9.4522,10.161,10.045,1
10.086,9.5115,10.286,1
10.061,9.4514,9.8474,1
9.972,9.9331,9.4319,1
10.273,10.109,10.491,1
9.6306,9.5737,10.099,1
10.117,9.9531,9.4413,1
9.8044,10.175,9.4909,1
9.8751,9.6391,10.427,1
10.129,10.531,9.8299,1
10.06,9.8888,10.559,1
10.17,10.056,9.4559,1
10.194,9.6872,10.439,1
9.4282,9.9818,10.027,1
9.9559,10.555,10.135,1
10.26,9.9668,10.509,1
9.9106,10.014,10.566,1
10.176,10.148,9.4753,1
9.9282,10.5,10.27,1
9.7228,9.9735,10.5,1
10.38,9.8192,10.389,1
9.8319,10.101,10.538,1
10.005,10.108,10.562,1
10.034,10.064,10.568,1
9.9986,9.9095,9.4345,1
9.7721,10.46,9.7457,1
10,10,10.573,1
9.745,10.176,10.482,1
10.121,10.195,10.525,1
10.23,10.249,10.461,1
9.6673,9.8789,9.5498,1
9.9572,10.034,9.4299,1
9.7836,9.6252,9.6249,1
10.554,10.107,9.9005,1
9.9838,9.9917,9.4276,1
9.6023,9.596,9.9185,1
9.6629,10.443,9.865,1
10.479,10.308,10.063,1
9.8509,9.8041,10.517,1
9.8239,10.42,9.6532,1
10.489,10.127,9.7295,1
9.7113,10.149,10.472,1
10.421,10,9.6114,1
10.058,10.518,9.7621,1
10.391,10.186,10.375,1
10,10,9.4273,1
9.8546,10.42,9.6389,1
10.134,9.8348,9.4683,1
10.219,10.481,10.221,1
10.142,10.455,10.317,1
10.077,10.438,10.361,1
9.8047,10.198,9.4995,1
9.9667,10.015,10.572,1
10.166,10.436,10.332,1
9.8907,9.7794,9.4829,1
10.371,9.6459,10.254,1
9.9697,9.7893,10.532,1
9.8827,9.4395,10.009,1
9.9533,9.972,10.57,1
10.031,9.9804,9.4284,1
10.022,9.5448,10.347,1
9.4759,9.7706,9.9727,1
9.4334,10.018,10.082,1
9.7203,9.8074,9.5388,1
10.304,9.9414,9.5182,1
10.173,9.9551,10.544,1
9.752,10.43,9.7136,1
10.54,10.034,9.8127,1
9.6018,10.09,9.5982,1
10.408,9.7732,9.6678,1
9.8529,10.532,10.153,1
10.014,9.9883,10.572,1
9.6275,9.9159,9.5732,1
9.6273,10.43,9.9365,1
10.495,9.8374,10.238,1
9.7071,10.028,9.5086,1
10.33,9.6425,9.698,1
10.317,9.5545,10.17,1
9.94,9.9098,9.4376,1
9.6208,9.8887,9.5855,1
9.6673,10.121,10.45,1
9.9581,9.4734,9.7787,1
10.132,9.4552,10.117,1
10.091,10.112,10.554,1
10.143,10.018,9.4456,1
10.048,9.8459,10.55,1
10.135,9.7046,9.5283,1
9.7036,10.445,9.7956,1
10.407,9.9741,10.402,1
10.229,10.322,10.415,1
10.425,10.237,10.302,1
10.413,10.394,9.9546,1
10.451,9.6676,9.8827,1
9.5499,9.646,9.9909,1
9.9246,10.36,9.5613,1
9.8066,9.9691,9.4618,1
10.191,9.5002,10.204,1
9.9974,10.161,9.4505,1
9.8558,9.4783,10.187,1
10.477,10,9.6828,1
10,10,9.4182,1
9.8994,10.151,10.553,1
9.9299,10.167,9.4472,1
10.42,10.4,9.9539,1
9.4998,9.887,9.7252,1
10.08,9.544,9.6476,1
10.225,10.363,9.6052,1
10.253,9.527,9.7752,1
9.9355,10.066,10.575,1
9.9461,10.012,10.579,1
10.134,9.4466,10.119,1
10.173,9.4445,9.9908,1
10.123,10.507,10.258,1
10.281,10.395,10.322,1
9.9994,10.037,9.4194,1
9.9963,9.7668,10.533,1
10.504,10,9.7091,1
10.205,9.5503,10.307,1
9.8381,10.026,10.558,1
10.298,10.323,9.619,1
10.241,9.8228,9.5008,1
10.538,10.14,9.8272,1
10.161,10.031,9.4417,1
9.9842,9.9905,9.4185,1
10.091,10.513,9.7416,1
10.335,9.6368,9.6933,1
10.461,10.34,9.899,1
10.165,9.5675,10.352,1
10.012,10.109,10.571,1
10.202,10.377,10.395,1
9.8183,9.475,10.173,1
9.4938,9.739,9.8808,1
10.419,9.8322,10.367,1
9.4633,9.9141,9.7924,1
9.5281,9.6751,10.101,1
10.327,9.8182,9.5543,1
9.6635,10.301,9.6331,1
10.408,9.7381,9.6777,1
9.9165,9.8006,10.54,1
10.426,9.8896,10.381,1
10.027,10.575,10.083,1
9.7429,9.77,10.469,1
9.5658,10.19,10.337,1
10.128,10.008,10.568,1
9.9121,9.682,9.5208,1
9.6486,10.128,10.446,1
10.532,10.068,10.225,1
9.7173,10.222,10.457,1
9.9554,10.059,9.4229,1
9.9021,10.05,9.4287,1
9.7927,9.6409,10.408,1
10.366,10.451,10.028,1
9.6213,9.563,9.9355,1
10,10,10.582,1
10.487,9.84,10.275,1
9.6143,9.6081,9.8097,1
9.6951,9.7602,9.5664,1
9.8277,10.348,10.434,1
9.9692,9.786,9.4599,1
10.048,10.027,9.4208,1
10.077,10.05,9.4255,1
9.6795,9.5789,10.242,1
10.173,10.556,10.009,1
9.9816,9.9982,10.582,1
9.9727,9.6561,9.5315,1
10.074,9.8956,9.4325,1
9.835,10.286,10.479,1
10.556,9.929,9.845,1
10.207,10.543,9.9723,1
9.9924,10.036,10.581,1
10.198,9.7559,10.489,1
9.5987,9.9873,10.421,1
9.9552,10.564,10.137,1
9.7173,10.009,10.508,1
9.8103,10.548,10.046,1
9.9334,10.241,9.4747,1
10.282,9.9821,9.4916,1
9.9522,9.7717,9.467,1
9.8545,10.014,10.563,1
10.181,9.8274,10.525,1
10.491,9.7664,10.208,1
10.204,9.8286,10.517,1
10.504,10,10.291,1
9.6585,10.235,9.5919,1
9.9575,10.296,10.499,1
9.794,10.238,9.5105,1
10.022,9.8022,9.4533,1
9.7068,9.5594,9.7583,1
9.7442,9.9249,9.4829,1
10.276,10.231,9.5427,1
9.4963,9.7796,10.19,1
10.197,10.431,9.6625,1
10.189,10.062,10.547,1
9.8746,10.075,9.4368,1
9.4619,10.158,10.155,1
10.373,10.149,9.5789,1
10.072,9.9861,10.577,1
9.7432,9.4819,10.064,1
10.304,9.5106,9.9172,1
10.027,9.4352,9.8628,1
9.8411,10.125,10.555,1
10.304,9.6264,10.343,1
10.012,10.111,10.58,1
9.4708,9.9832,9.7376,1
10.07,9.7738,10.541,1
9.9445,10.009,10.588,1
10.211,10.552,10.009,1
9.6219,9.9639,10.453,1
9.9922,10.492,9.6727,1
9.4348,9.834,9.9532,1
10.395,9.5725,9.8974,1
9.5191,10.175,10.295,1
10.077,9.8323,10.561,1
10.574,10,10.139,1
10.098,10.556,10.175,1
9.8122,10.543,9.8607,1
10.366,9.8536,10.44,1
10.16,10.513,10.245,1
9.571,10.295,10.279,1
9.9678,9.9807,9.4103,1
9.6376,10.187,10.428,1
9.7462,10.008,9.4665,1
9.8459,9.8435,10.549,1
10.218,10.161,10.525,1
10.047,10.058,10.586,1
10.112,10.246,9.4748,1
10.134,10.064,9.428,1
9.6712,9.6205,9.6885,1
9.5531,10.268,9.7209,1
10.4,10.131,10.415,1
10.53,9.7476,10.065,1
9.6871,9.7846,9.5473,1
9.9817,10.004,10.591,1
10.248,9.6004,9.6421,1
10.026,9.7645,9.4587,1
9.9751,10.09,10.583,1
9.9014,10.471,9.6572,1
9.9261,9.9882,9.4138,1
10.445,10.286,10.262,1
9.5523,9.6479,10.157,1
9.6708,9.8802,10.476,1
9.9985,9.9813,9.4094,1
10.202,10.013,9.4447,1
9.5909,10.179,9.613,1
10.079,9.8533,9.433,1
9.9574,9.877,10.576,1
10.425,10.405,9.9345,1
10.054,9.9239,9.4165,1
10.323,9.7293,9.5855,1
10.297,10.119,10.497,1
10.544,9.9654,10.228,1
9.9639,9.7486,10.534,1
9.8311,9.9261,9.4386,1
9.752,10.5,9.8067,1
9.8378,9.6727,9.5355,1
9.9792,9.9688,10.59,1
10.261,10.487,9.7891,1
10.148,10,10.572,1
10.431,9.945,9.5991,1
9.7039,9.9331,10.507,1
10,10,9.4091,1
10.541,9.8598,10.193,1
10.436,9.8569,9.6274,1
10.448,10.376,10.084,1
9.7438,10.26,10.464,1
10.083,9.6595,9.5242,1
10.566,10.147,9.9159,1
10.376,9.7586,10.387,1
10.215,10.346,9.5723,1
10.459,9.6623,9.8425,1
9.8065,9.7458,9.5029,1
9.9214,10.546,10.211,1
10.006,9.87,9.4236,1
10.586,10.075,9.9906,1
10.319,10.345,10.358,1
9.9911,10.111,9.4198,1
9.8319,10.253,9.493,1
10.194,10.273,10.487,1
10.427,9.5927,9.9719,1
9.8496,9.4561,9.8245,1
10.505,9.7188,10.121,1
10.329,10.063,9.5133,1
9.783,9.6241,10.401,1
10,10,10.591,1
9.9783,10.052,9.4118,1
10.028,10.588,10.047,1
9.7446,9.8684,9.4836,1
9.7894,9.4973,9.7717,1
9.9937,9.606,9.5596,1
10.052,10.213,9.4514,1
9.5601,9.6064,10.028,1
10.179,9.531,10.312,1
9.7108,10.501,9.879,1
10.085,9.5155,10.327,1
10.45,9.9132,10.373,1
9.4843,10.151,9.7545,1
9.8343,10.016,10.567,1
10.447,10.249,9.7045,1
9.7859,10.192,10.516,1
9.8808,9.4304,10.103,1
10.114,10,9.4108,1
9.9924,9.5226,10.363,1
9.8787,10.35,10.472,1
9.7511,9.4978,10.214,1
10.008,10.017,9.4003,1
9.9004,9.7621,10.542,1
10.261,9.8077,10.505,1
10.433,10.413,9.9525,1
9.9789,10.032,9.4012,1
9.7692,9.9322,9.4503,1
9.8759,9.9146,9.4192,1
9.7416,10.094,10.533,1
9.8058,9.4388,10.085,1
9.8115,9.7167,9.5058,1
10.02,10.112,10.589,1
10.261,9.6786,9.5658,1
10.399,10.025,10.447,1
9.4806,10.227,9.8038,1
10.277,10.389,9.6366,1
9.5792,10.428,10.01,1
9.4112,9.9058,10.067,1
9.4469,10.125,10.196,1
10.196,10.365,10.434,1
9.831,10.116,10.564,1
9.9064,10.015,9.4075,1
10.353,10.045,9.5168,1
10.073,10.192,9.4362,1
10.46,10.386,9.9905,1
9.8893,10.128,9.4243,1
9.6459,9.9662,10.483,1
10,10,10.6,1
10.064,9.4306,9.8218,1
9.9921,10.499,10.332,1
9.7003,9.481,10.029,1
9.9467,9.9459,10.595,1
10.031,10.128,10.585,1
9.7826,9.8055,9.4757,1
10.422,9.5976,9.8585,1
10.162,9.4788,10.249,1
10.257,9.9836,9.4582,1
10.262,9.7167,10.46,1
9.469,10.156,9.7682,1
9.6443,9.5327,10.123,1
10.164,9.909,9.43,1
9.8248,10.418,9.6071,1
10.018,10.007,10.6,1
9.6339,10.288,10.378,1
10.198,10.214,10.524,1
10.064,10.575,9.8401,1
10.173,10.213,9.4667,1
9.9641,9.548,10.393,1
9.6813,10.285,9.5791,1
9.401,10.019,9.9715,1
10.079,10.128,10.581,1
9.4871,9.8133,9.7508,1
10.116,10.064,9.4147,1
10.028,9.4134,9.8771,1
10.248,10.183,10.515,1
10.034,9.9836,10.599,1
10.273,9.4903,10.16,1
9.9093,9.6721,10.494,1
10.028,10.593,9.9146,1
10.484,10.159,10.316,1
9.7957,9.9106,10.557,1
10.433,10.083,10.407,1
9.7376,10.529,9.8958,1
9.5829,9.9058,10.421,1
10.157,10.101,10.57,1
9.9507,9.7645,10.55,1
9.5496,9.6458,10.178,1
10.485,10.231,9.7336,1
10.177,10.569,9.9335,1
10.5,10,9.6676,1
9.9304,9.5162,9.652,1
10.01,9.9438,9.4027,1
10.358,9.8567,9.5404,1
10.03,9.9515,10.597,1
9.6818,9.8095,9.5284,1
10.512,10.133,9.7166,1
10.273,9.8246,9.4952,1
10.093,9.7972,9.443,1
10,10,9.4,1
9.7402,10.45,9.7,1
9.9235,10.532,10.266,1
10.13,9.4622,10.232,1
9.6597,9.6073,10.3,1
10.556,9.929,9.7859,1
10.554,9.8181,10.141,1
10.387,9.8995,9.5528,1
9.5807,10.251,10.348,1
9.5861,9.7866,9.6217,1
9.8775,10.585,10.048,1
9.9179,10.297,9.4852,1
10.453,9.6202,10.104,1
9.6082,10.202,9.5929,1
10.307,9.5692,10.283,1
10.501,9.9035,9.6837,1
9.9056,10.009,10.592,1
9.9866,10.169,10.576,1
10.027,9.929,9.4048,1
9.585,9.9336,9.5592,1
10.141,9.4206,9.8753,1
9.7078,10.439,10.305,1
9.5075,9.7461,10.253,1
10.52,10.247,9.8008,1
10.039,9.7771,9.4345,1
9.4187,9.9815,10.181,1
10.277,10.232,9.5095,1
9.9087,10.264,9.4586,1
9.8323,10.4,9.5727,1
9.4545,10.017,10.27,1
9.8436,9.4342,10.162,1
9.6052,9.5444,9.9133,1
9.5589,9.6053,10.144,1
9.9905,9.4002,9.8942,1
9.9139,10.411,10.441,1
9.9649,10.046,10.606,1
9.7805,9.777,9.4774,1
10.239,10.524,10.199,1
10.375,10.357,10.321,1
9.9657,10.018,10.608,1
9.7363,10.457,9.6955,1
9.9914,9.9827,9.3912,1
10.447,10,10.413,1
9.9531,10.326,9.4876,1
9.9256,10.269,10.541,1
9.8539,10.148,10.572,1
9.5743,9.7451,10.353,1
10.091,9.9014,10.594,1
10,10,9.3909,1
9.5294,9.9551,10.384,1
10.041,10.066,9.3958,1
10.197,9.8552,9.442,1
10.597,10.115,9.971,1
9.8092,10.084,9.4276,1
9.8354,9.9517,9.4156,1
9.9236,9.4686,10.288,1
10.295,10.319,10.427,1
10.589,9.847,10.01,1
10.315,10.232,10.467,1
10.236,9.6692,10.454,1
10.509,10.327,9.9325,1
9.4849,10.151,9.7123,1
10.017,10.055,9.3937,1
9.6922,9.758,9.5334,1
10.564,9.7743,10.048,1
10,10,10.609,1
10.296,9.5226,10.235,1
9.9739,9.6717,10.512,1
9.4312,10.207,10.068,1
9.6637,9.4945,9.9517,1
9.5589,10.395,9.8564,1
9.6899,10.214,10.479,1
10.261,10.017,10.55,1
10.557,10.223,10.106,1
10.177,9.8315,10.558,1
9.4185,9.8687,10.125,1
10.008,10.171,10.584,1
10.45,9.6226,9.8377,1
10.133,9.5727,9.5867,1
9.501,10.299,9.8191,1
9.7155,9.8041,9.4983,1
10.173,10.453,10.369,1
10.584,10.151,10.087,1
10.313,10.385,9.6467,1
10.045,10.404,9.5461,1
9.3937,10.058,9.9903,1
10.026,9.4466,9.747,1
10.14,9.739,10.532,1
10.3,10.422,9.6789,1
10.164,9.57,9.6011,1
10.115,10,9.4019,1
10.265,10.495,9.7647,1
9.9809,10.003,10.609,1
10.037,9.9879,9.3921,1
9.9943,10.361,10.49,1
9.556,9.8057,9.6311,1
10.541,9.9309,9.7295,1
10.082,10.466,9.6159,1
10.056,9.8779,9.4059,1
10.067,9.3953,10.029,1
9.9464,9.7438,9.45,1
9.7748,10.454,10.337,1
10.402,10.224,10.399,1
9.8139,9.4623,9.7826,1
10.506,9.9678,9.6626,1
10.541,10.178,10.217,1
10.172,9.9183,10.579,1
10.187,9.964,9.4213,1
9.7738,10.261,10.502,1
10.061,9.9253,9.3986,1
9.6327,10.083,9.5212,1
9.9879,10.152,10.59,1
9.7217,9.8987,9.4677,1
10.129,9.9173,9.4104,1
10.114,10.015,10.598,1
9.8221,10.14,10.565,1
9.8105,9.751,10.523,1
9.9702,9.9289,10.604,1
9.9519,9.9167,10.601,1
9.9862,10.174,9.4069,1
10.045,9.9363,9.3868,1
9.451,9.8002,10.202,1
9.9997,9.9804,10.618,1
10.359,9.8292,10.474,1
10.497,10.319,9.8164,1
10.126,9.8798,10.593,1
9.9972,10.019,9.3821,1
10.078,10,10.613,1
9.7773,10.175,9.4505,1
9.3909,9.9418,10.088,1
10.459,10.338,9.7612,1
9.6245,9.6185,9.6909,1
10.189,9.5869,10.419,1
10.152,9.9706,10.598,1
9.8149,9.7217,10.52,1
9.5952,10.467,10.01,1
9.9413,10.002,10.615,1
9.9175,9.8916,9.397,1
10.252,9.9171,9.4418,1
9.9249,10.359,10.498,1
9.7091,9.8727,9.4696,1
9.4697,9.6825,9.9902,1
10.409,9.8363,9.5664,1
9.9369,10.182,10.587,1
10.072,10.406,9.5393,1
9.86,10.506,9.6741,1
9.5517,9.8684,10.405,1
10.325,10.399,10.342,1
9.4459,10.163,9.7794,1
10.091,9.4827,10.326,1
10.082,9.7854,9.4261,1
9.8943,9.8169,10.581,1
9.5601,9.6064,10.184,1
9.6975,10.524,10.127,1
9.7113,10.199,10.509,1
9.7662,10.558,9.8734,1
10.609,10.078,10.069,1
10.071,9.7079,9.4598,1
9.9496,10.03,9.3846,1
9.8584,9.6619,9.5022,1
10.036,10.015,9.3831,1
10,10,9.3818,1
10.024,10.503,10.359,1
10.029,9.3999,10.146,1
9.6196,10.036,10.486,1
10.483,10.093,10.374,1
9.872,10.047,10.603,1
9.6371,9.7502,10.434,1
10.113,10.029,10.607,1
10.269,10.088,10.549,1
9.8369,9.4102,9.912,1
10.183,9.4104,10.029,1
10.166,10.159,10.574,1
10.512,9.6709,10.107,1
10.23,10.504,9.7255,1
9.9234,9.9116,9.393,1
10.248,10,9.4337,1
9.5157,10.25,9.7081,1
9.6821,10.284,10.447,1
9.4188,9.8687,9.8353,1
10.278,10.391,9.6102,1
10.384,9.5275,9.8927,1
9.9145,9.4054,9.8543,1
9.7594,10.316,9.5264,1
10.273,9.491,10.221,1
10.225,9.6375,9.5526,1
10.334,10.186,9.5141,1
9.9143,9.8272,9.4127,1
9.4523,9.7176,10.049,1
9.4301,9.9819,10.239,1
10.105,9.886,9.4016,1
9.6938,10.134,9.48,1
9.7263,10.552,9.951,1
9.3933,9.9029,9.9315,1
10.376,9.723,9.5952,1
10.411,10.026,10.461,1
10.014,10.037,10.617,1
10.065,10.581,9.7978,1
9.6903,10.07,10.53,1
9.9914,10.545,10.292,1
10.205,9.9469,9.4191,1
9.5646,9.6576,10.275,1
10.217,9.8795,10.566,1
9.8353,9.5241,9.6414,1
9.9923,9.9026,10.61,1
10.348,9.9556,9.4908,1
9.8848,9.4496,9.7432,1
10.23,9.8068,10.54,1
10.055,9.5111,9.6256,1
10.308,10.334,9.5806,1
9.7035,10.446,10.309,1
10.167,10.537,10.257,1
10,10,10.618,1
10.281,10.525,10.165,1
9.5669,10.44,9.9706,1
9.7376,10.042,10.558,1
10.253,10.408,10.39,1
10.097,9.9938,9.3896,1
10.465,10.221,9.6576,1
10.296,9.4477,9.9702,1
10.295,9.9234,9.4519,1
9.8223,9.4866,10.314,1
10.329,10.53,10.07,1
10.16,10.418,9.56,1
10.445,10.328,9.7038,1
9.6274,10.293,9.5892,1
10.529,9.7482,9.7761,1
10.212,9.4463,10.205,1
10.309,9.5658,9.6693,1
9.9901,9.3792,10.089,1
10.51,10.032,9.6361,1
10.113,9.8177,9.4106,1
10.239,9.9215,9.4254,1
10.329,9.5947,9.6525,1
10.144,9.4076,10.148,1
10.041,10.37,10.505,1
9.7698,9.9632,10.582,1
9.7779,10.153,10.566,1
9.671,9.5677,9.6864,1
10.39,10.479,10.109,1
10.098,9.9875,10.619,1
10.588,9.8866,10.186,1
9.8652,10.03,9.3881,1
9.653,9.9216,10.517,1
9.4719,9.8078,9.7214,1
9.6499,9.6443,9.6201,1
9.8773,9.4137,9.8137,1
9.8608,9.4966,10.347,1
10,10,10.627,1
9.7613,9.4302,9.8911,1
10.077,10.02,9.3778,1
10.411,9.697,10.364,1
9.9614,10.485,10.396,1
9.822,10.425,10.426,1
10.387,10.419,10.261,1
10.605,10,10.167,1
9.9735,9.9466,10.624,1
10.067,10.382,9.5069,1
10.182,10.073,9.404,1
9.8701,10.047,10.612,1
9.8494,10.304,10.528,1
9.4143,10.019,10.224,1
10.513,9.7945,10.296,1
10.112,9.7548,9.4336,1
9.5904,10.211,9.5744,1
10.075,9.5737,10.454,1
10.432,9.9725,9.546,1
9.4425,9.7126,9.99,1
10.579,10,10.242,1
9.9116,9.847,10.602,1
9.6555,9.7628,9.5325,1
10.381,10.073,10.493,1
9.8052,10.019,10.596,1
10.303,10.289,10.467,1
10.594,10.195,9.9503,1
9.5997,10.407,9.7394,1
10.047,10.15,9.3928,1
10.26,10.124,9.4425,1
10.146,10.205,10.575,1
10.548,9.6951,10.01,1
10.035,10.019,10.626,1
9.693,10.532,10.128,1
10.247,10.207,9.4618,1
9.6283,9.9882,9.4949,1
10.246,10.539,9.7948,1
9.6812,10.368,9.6045,1
9.9607,10.006,9.374,1
10.152,10.284,10.538,1
9.426,9.7488,10.03,1
10.101,9.6762,9.4723,1
10,10,9.3727,1
9.7383,10.157,10.548,1
9.8826,9.895,10.607,1
9.948,9.94,10.622,1
9.9325,9.5308,10.411,1
9.8408,10.239,10.558,1
10.028,10.115,9.3841,1
9.4,9.8238,10.05,1
10.4,10.051,10.481,1
10.361,9.6555,10.38,1
9.5582,9.6526,10.279,1
9.8023,10.571,9.8328,1
9.6599,9.4888,9.8715,1
9.9831,10.118,10.616,1
10.064,9.425,9.7577,1
10.522,10.336,9.9107,1
9.6541,9.7929,9.5195,1
9.8035,10.086,10.589,1
10.448,9.7118,10.331,1
9.8588,10.186,9.4177,1
9.3932,9.9421,9.8521,1
10.005,10.099,9.3806,1
9.9997,10.02,9.373,1
10.003,9.9404,9.3756,1
9.8809,10.431,10.44,1
9.8683,10.118,9.3981,1
9.9506,9.3786,9.9305,1
10.272,9.7714,9.4833,1
9.9809,10.006,10.627,1
9.9589,10.517,9.6309,1
9.6908,10.536,10.15,1
9.6904,10.185,9.4758,1
9.676,10.223,9.4998,1
10.4,9.5076,9.9496,1
9.9924,10.481,9.5833,1
9.8099,9.8299,10.583,1
10.478,10.228,10.352,1
10.094,9.4675,10.336,1
9.9745,9.8225,9.3894,1
9.6,9.5936,10.283,1
9.3704,10.02,10.091,1
10.199,10.321,9.4876,1
10.211,10.055,9.402,1
9.5391,10.412,9.85,1
10.096,10.543,9.6818,1
9.8897,9.9517,10.625,1
10.101,10.097,9.3793,1
10.365,10.513,9.9094,1
10.22,10.088,9.4092,1
10.073,9.9306,10.628,1
9.8457,10.558,9.7356,1
10.512,9.7952,10.318,1
10,10,10.636,1
9.6147,10.506,9.9899,1
10.027,10.03,10.635,1
9.6393,9.9886,10.524,1
10.217,9.4324,9.8111,1
10.277,10.341,10.461,1
9.6864,10.092,9.454,1
10.177,9.4324,10.227,1
9.7986,9.5936,10.446,1
9.8473,10.155,10.598,1
9.785,10.169,10.575,1
9.9271,9.9042,9.3751,1
10.068,10.044,9.3688,1
9.6644,10.076,10.535,1
9.561,10.226,9.5987,1
10.614,9.8407,10.05,1
10.603,9.9231,10.189,1
10.139,10.446,10.432,1
10.215,9.8621,9.417,1
10.487,10.409,10.01,1
9.9952,9.9397,10.633,1
10.135,9.8541,9.3954,1
10.019,9.9937,10.636,1
10.21,10.461,9.6146,1
10.066,10.591,9.7729,1
9.99,9.3676,9.9295,1
9.4461,9.9114,10.301,1
9.581,10.067,9.5257,1
10.624,9.8797,10.03,1
10.077,10.318,10.546,1
10.467,10,9.5682,1
10.082,9.8194,10.605,1
9.809,9.7796,10.566,1
9.9745,10.177,10.611,1
9.6794,9.5181,10.264,1
10.307,9.5684,9.6475,1
9.8467,9.955,10.616,1
9.4783,9.731,10.246,1
10.057,9.4848,10.369,1
10.543,9.7415,10.208,1
9.8361,10.391,10.474,1
10,10,9.3636,1
10.077,10.025,10.631,1
9.5083,10.047,10.401,1
9.9366,9.6972,10.556,1
10.285,9.5405,9.6645,1
10.081,9.9404,9.3716,1
9.8766,9.6434,10.512,1
9.6669,10.501,9.7919,1
9.5165,9.6672,9.7541,1
10.487,9.5914,9.9697,1
9.4656,9.68,10.13,1
9.9698,9.9476,9.3665,1
10.232,10.045,10.591,1
9.5921,10.471,9.8697,1
10.406,10.052,9.5125,1
9.9194,10.385,10.5,1
9.4959,9.9519,10.385,1
10.134,9.4459,9.7174,1
9.8472,10.308,9.4647,1
10.625,9.9603,10.111,1
9.5074,9.6126,9.8895,1
9.9815,10.008,9.364,1
10.536,9.7018,10.17,1
10.561,10,9.6995,1
9.7994,10.58,9.8304,1
9.9621,10.014,9.3649,1
9.9574,9.846,9.384,1
10.214,10.4,9.5536,1
10.14,10.009,10.621,1
10.019,9.5914,10.487,1
10.249,10.183,9.4439,1
10.023,10.48,10.417,1
9.726,9.9003,9.4344,1
9.8943,9.7477,9.4254,1
10.157,10.41,9.5394,1
10.553,10.307,10.071,1
9.7969,9.5151,10.374,1
10.3,10.56,9.8879,1
10,10,9.3545,1
9.5802,9.9052,10.481,1
10.607,10.158,9.8478,1
9.3672,10.06,10.112,1
9.7933,9.815,9.4172,1
9.4887,9.9512,9.6091,1
10.069,10.393,9.4926,1
10.557,10.265,10.192,1
10.558,9.8168,9.7319,1
9.9427,10.058,10.64,1
10.528,9.8983,10.358,1
9.5113,10.11,10.407,1
9.9798,9.9968,9.3549,1
9.9357,10.307,9.436,1
10.152,9.3735,9.9693,1
10.011,9.8986,10.637,1
9.931,10.249,10.591,1
10.38,9.9516,10.52,1
9.7313,9.5346,9.6425,1
9.9518,10.038,10.643,1
9.6331,9.7474,10.467,1
10.051,9.7087,10.574,1
9.9607,9.9885,9.3558,1
10.071,10.229,9.4008,1
10.374,10.526,9.9898,1
10.117,9.8881,9.3752,1
9.8255,10.051,10.619,1
9.8463,9.769,10.583,1
9.4546,10.239,10.249,1
10.232,10.508,10.323,1
9.5786,9.5137,9.9488,1
10.322,10.348,9.5621,1
10.266,9.4165,9.9285,1
10.241,9.662,10.494,1
9.9528,9.4065,9.7506,1
9.971,10.365,9.4684,1
10.577,9.7254,10.092,1
10.163,9.7991,9.4087,1
9.9528,10.113,10.634,1
9.6232,10.495,10.172,1
10.568,9.9639,9.6952,1
10.125,10.326,10.543,1
10.138,9.9643,9.3704,1
10.259,9.5166,9.6597,1
10.02,10,10.645,1
10.322,9.4817,10.211,1
10.494,10.415,10.01,1
9.4738,10.362,9.9081,1
10.552,9.6928,9.8678,1
9.8798,9.4253,10.268,1
9.9299,10.042,9.3597,1
10.37,10.273,9.5472,1
9.9458,10.109,9.3662,1
10.537,10.215,10.287,1
9.7283,10.314,9.5056,1
10.541,10.348,10.051,1
9.8114,9.8517,10.599,1
9.7529,10.221,9.4462,1
10.101,10.013,9.3627,1
9.7291,9.4535,9.7889,1
10.174,9.5443,10.423,1
9.6816,9.5816,9.6256,1
9.9923,10.488,9.5773,1
10.085,10.138,10.625,1
10.549,10.106,9.6773,1
9.788,10.319,9.4802,1
10.363,9.6952,10.438,1
9.5911,10.211,10.453,1
10,10,10.645,1
9.8631,9.5049,10.391,1
9.8543,9.5791,9.5329,1
9.8993,10.174,10.613,1
9.4094,9.7415,10.031,1
10.193,10.107,10.607,1
10.142,10.586,9.7696,1
10.627,10,10.152,1
10.015,10.313,10.564,1
9.5698,10.014,9.519,1
9.606,10.063,10.507,1
10.142,10.009,10.63,1
9.4496,9.6705,10.072,1
10.509,9.6254,10.132,1
10.044,10.042,9.3575,1
10.169,9.9324,9.3807,1
9.9965,9.7793,9.3935,1
10.067,10.599,10.23,1
9.7987,9.9936,9.3868,1
9.9177,10.572,9.7134,1
10.026,10.032,10.644,1
9.6747,9.8323,10.532,1
10.201,9.7827,9.4263,1
10.591,10.194,9.828,1
10.183,9.4114,9.8084,1
10.024,9.4996,9.593,1
9.8206,10.518,10.34,1
10.294,9.8113,9.457,1
9.4654,10.195,10.305,1
9.9528,9.6718,10.554,1
10.07,10.076,10.646,1
10.094,10.245,10.6,1
9.6026,9.6445,10.38,1
9.3459,10.021,9.9896,1
10.268,9.5003,9.6727,1
10.011,9.7764,10.615,1
9.8664,9.3613,10.052,1
9.735,9.6942,10.515,1
10.468,9.607,10.234,1
9.7859,10.618,10.01,1
9.4303,10.091,10.309,1
9.6751,9.5117,10.291,1
10.585,9.7215,9.9068,1
10.132,9.9025,10.634,1
10.394,9.5149,9.8057,1
9.961,10.014,9.3468,1
9.5594,9.9005,10.474,1
9.4807,10.227,10.327,1
10.636,10,10.154,1
9.8409,10.276,9.428,1
9.9845,10.014,9.3458,1
10.018,10.371,10.539,1
9.7103,10.585,9.9481,1
9.9496,9.3659,9.8457,1
9.8231,9.6935,9.4494,1
9.9795,9.8573,10.638,1
10.512,9.7149,9.7093,1
10.066,9.8277,9.372,1
10.067,10.6,9.7471,1
9.7014,9.9715,9.4182,1
10.432,10.241,10.429,1
10.343,10.089,10.551,1
10.177,10.218,9.409,1
9.9172,9.9974,9.3507,1
10.049,9.843,9.3664,1
10.168,10.27,10.572,1
10.484,9.8064,9.6036,1
9.8437,9.6268,9.4855,1
9.422,9.7471,9.8256,1
10.269,10.256,9.4609,1
10.61,9.9612,9.7664,1
10.392,9.7478,9.5409,1
10.151,10.623,10.134,1
9.8159,9.813,9.4004,1
10.588,10.193,9.7859,1
9.5628,9.6562,10.345,1
10.499,9.9039,10.413,1
10.076,9.8775,9.3615,1
9.9456,10.197,10.622,1
10.651,10,10.073,1
10.564,10.269,10.194,1
9.5816,9.7119,9.5873,1
10.055,9.5084,9.5714,1
10.043,9.9059,9.3537,1
10.517,9.9341,10.396,1
10.322,10.27,9.4986,1
9.7905,9.3946,9.8659,1
9.4207,10.17,10.253,1
10.439,10.323,10.363,1
9.6177,10.388,9.6374,1
10.309,9.5657,9.6203,1
10.437,9.8866,9.5263,1
9.6158,10.265,10.459,1
9.6569,10.27,9.5122,1
10.009,10.019,10.654,1
10.228,9.753,10.562,1
9.8869,10.17,9.3781,1
9.5812,9.877,10.488,1
10.194,10.624,10.031,1
10.542,10.348,10.114,1
9.7459,10.293,9.4729,1
10.022,9.878,9.3573,1
10.015,9.9395,10.652,1
9.9311,10.329,9.4384,1
9.9898,9.3555,9.8863,1
10.222,10.028,9.3849,1
9.5875,9.753,9.5559,1
9.7014,10.029,10.582,1
9.999,10.062,9.3484,1
9.3887,9.7775,9.9275,1
10.607,10.117,10.214,1
9.8527,9.8064,9.3923,1
10,10,9.3455,1
10.225,10.316,10.527,1
9.7913,10.125,10.608,1
10.528,9.8265,9.6549,1
10.469,9.5529,10.093,1
9.75,10.129,10.591,1
9.9401,10.416,10.501,1
10.077,10.031,10.649,1
10.63,10.04,10.174,1
9.967,9.8806,10.643,1
10.281,10.525,9.7281,1
9.6394,10.474,10.272,1
9.9288,10.17,10.628,1
9.9631,9.981,10.653,1
10,10,10.655,1
9.3544,9.8967,9.9689,1
9.7865,9.5692,10.444,1
10.1,10.568,9.6909,1
9.8965,10.017,9.3447,1
9.9264,10.075,10.655,1
10.028,10.584,9.6866,1
10.405,9.8669,10.508,1
10.142,9.6899,10.569,1
10.331,10.358,9.5497,1
10.427,10.203,9.5345,1
9.7865,10.51,9.6324,1
9.7465,9.8693,9.4008,1
9.4321,9.7514,9.7632,1
10.345,10.222,9.4783,1
9.9896,10.657,9.9056,1
9.9515,9.8842,10.652,1
10,10,9.3364,1
10.121,10.115,10.642,1
9.8154,9.9705,9.3632,1
10.071,9.3643,10.177,1
10.071,9.9546,10.658,1
9.5441,10.044,9.5197,1
9.8965,10.179,9.3695,1
9.7758,10.176,10.599,1
10.146,10,9.3527,1
9.8156,9.4671,9.6501,1
10.018,10.166,9.3576,1
9.8156,10.533,10.35,1
9.3414,9.9371,9.9474,1
10.443,10.115,10.48,1
10.472,9.8776,10.45,1
10.043,9.7571,9.3839,1
9.8106,10.382,9.4916,1
9.7082,9.9143,10.59,1
10.019,9.9398,10.661,1
10.093,9.6176,10.534,1
10.212,10.555,9.7053,1
9.4191,10.299,9.8848,1
9.882,10.043,9.3484,1
9.9862,9.9841,10.663,1
10.501,9.9682,10.435,1
9.6775,9.7464,10.522,1
10.178,10.058,10.637,1
10.329,9.817,9.4534,1
9.8258,10.201,9.392,1
9.4722,9.9832,9.5981,1
10.425,9.6869,10.402,1
10.642,10.124,10.115,1
9.8893,10.529,10.385,1
10.64,10,9.8232,1
10.478,10.191,9.5815,1
9.3567,9.8547,10.074,1
10.013,10.016,9.3367,1
10,10,10.664,1
9.8574,10.032,10.647,1
10.536,9.9316,9.6151,1
10.046,9.9565,9.3394,1
10.072,10.296,9.4101,1
10.207,9.6657,9.4656,1
10.024,9.9657,10.662,1
9.6982,9.4772,9.7243,1
10.4,9.8098,9.5054,1
9.4681,10.318,10.237,1
9.9194,10.024,9.3417,1
10.142,10.31,9.4306,1
10.331,10.533,9.7829,1
9.5449,10.313,10.368,1
9.9475,10.661,10.032,1
9.5706,9.5638,9.7436,1
9.9476,9.3405,10.053,1
10.062,10.353,9.4417,1
10.018,9.6241,10.547,1
9.5438,10.408,10.256,1
9.9056,10.657,9.9895,1
9.7867,9.9224,9.3764,1
9.8642,9.3512,9.9684,1
9.8416,10.573,10.295,1
9.3666,10.02,10.197,1
10.307,9.4274,9.8641,1
10.333,9.8667,10.558,1
9.8469,9.4461,10.332,1
9.7921,10.091,10.624,1
9.6428,10.537,9.8435,1
9.7549,9.6316,10.495,1
10.247,9.7926,10.58,1
9.4688,9.6343,10.156,1
9.8389,9.7883,10.608,1
9.9918,9.485,10.418,1
10.654,10.083,9.9264,1
9.5697,9.7424,9.5654,1
10.14,10.452,10.466,1
10.037,10.02,9.3377,1
10.203,9.9608,10.631,1
10.426,9.5393,10.217,1
9.9182,9.4311,9.6682,1
10.503,10.422,10.094,1
10.35,10.492,10.276,1
10.26,10.191,9.4201,1
10.237,9.3801,10.011,1
10.307,10.573,10.136,1
9.8162,9.8355,10.616,1
10.584,10.037,10.313,1
9.6162,10.504,9.803,1
10.221,10.311,10.554,1
10.439,9.7177,10.424,1
9.7022,9.3991,9.9467,1
10.189,10.607,10.22,1
10.236,9.6189,9.4986,1
9.7096,10.382,9.5281,1
10.518,10.066,9.5758,1
9.686,10.362,10.472,1
10.169,10.011,10.651,1
10.103,10.075,9.3394,1
9.5571,9.9291,10.501,1
10.349,10.194,9.4583,1
10.067,10.108,10.661,1
9.9034,9.7694,10.625,1
10.364,10,9.4341,1
9.3405,10.063,10.117,1
9.4561,9.7196,10.279,1
10.222,9.513,10.407,1
9.5507,10.353,9.6453,1
10.535,10.255,9.6823,1
9.7603,10.572,9.7401,1
9.8439,10.107,10.645,1
10.135,10.556,10.355,1
9.9701,10.03,10.671,1
9.9156,9.4131,10.318,1
9.9897,9.3517,10.179,1
9.887,9.6734,9.4228,1
10.326,9.9793,10.588,1
10.233,9.5644,10.456,1
10.307,9.7738,9.4459,1
10.485,10.463,10.053,1
9.9522,9.3991,10.299,1
9.425,9.7907,9.7205,1
10.391,9.5184,10.26,1
10.072,10.078,10.664,1
9.8578,9.9582,10.656,1
10.114,10.095,9.3438,1
10.032,9.3322,9.9254,1
9.4115,9.7424,9.8003,1
10.583,10,9.6636,1
9.9799,10.007,10.672,1
9.9834,10.209,9.3609,1
9.9442,9.9356,9.3327,1
9.5381,9.5307,10.138,1
10.059,10.024,9.3303,1
9.6608,9.5543,10.373,1
10.086,9.6465,10.566,1
10.596,9.7612,10.2,1
10,10,10.673,1
10.029,10.602,9.7013,1
10.077,9.9634,10.667,1
10.55,10.106,9.6274,1
9.7802,10.635,9.968,1
10.032,10.287,10.607,1
10.651,9.8311,9.9893,1
9.4987,10.448,10.011,1
9.6278,10.559,10.032,1
9.8645,10.49,10.441,1
9.5379,9.9559,10.487,1
9.9529,9.7748,9.3678,1
10.411,9.8651,10.515,1
9.4778,10.118,9.5926,1
10.657,9.9161,9.8832,1
9.8683,9.5237,9.5435,1
10.054,10.304,10.598,1
10.246,9.9527,9.3755,1
9.4918,9.9839,9.5595,1
10.363,9.7978,9.4712,1
10.545,10.351,9.8207,1
10.129,9.8914,9.3488,1
9.922,10.542,10.39,1
9.9782,10.104,9.3357,1
10.396,10.488,10.24,1
9.3478,9.8527,10.075,1
10.166,10.434,9.5131,1
10.196,9.4881,9.6098,1
9.8554,9.7496,9.3926,1
10.096,10.209,10.632,1
9.6479,9.4707,9.78,1
9.9609,10.017,9.3286,1
10.452,9.5109,10.096,1
10.002,9.9788,9.3276,1
9.9386,10.018,10.67,1
9.506,9.6115,9.7599,1
9.6432,10.214,10.529,1
10.309,10.576,9.8414,1
9.9931,10.432,9.4847,1
10.473,9.5489,10.159,1
9.7087,10.505,10.336,1
9.7304,10.009,9.3837,1
10.626,10.205,9.8622,1
10.103,9.67,10.577,1
9.3425,10.105,9.9043,1
10,10,9.3273,1
9.8436,9.86,10.639,1
10.156,9.7803,10.616,1
9.8229,10.357,10.542,1
9.7461,9.8252,9.4021,1
10.317,10.082,9.4121,1
9.8315,10.087,9.3545,1
9.633,10.552,10.161,1
10.014,10.128,9.3305,1
9.7854,9.4877,10.395,1
10.061,10.345,10.585,1
10,10,9.3182,1
9.4138,10.132,10.322,1
10.538,9.9313,10.413,1
9.5884,10.541,10.054,1
9.8508,10.152,9.3522,1
10.03,10.62,9.7168,1
9.9131,10.605,9.6972,1
10.68,10.043,9.9676,1
10.389,9.453,9.8816,1
10,10,10.682,1
10.43,10.083,10.522,1
9.7697,9.8189,9.3844,1
10.204,10.329,10.562,1
10.11,9.7944,10.641,1
10.032,9.3232,10.076,1
9.8554,10.523,9.5871,1
10.182,9.9401,10.654,1
10.645,9.8756,10.182,1
10.391,10.55,10.097,1
9.6885,10.113,10.596,1
9.9929,9.9796,9.3185,1
9.5148,9.5659,10.202,1
10.189,9.5865,10.508,1
9.8065,10.462,10.463,1
9.6626,9.6106,10.446,1
9.3649,9.8566,9.7976,1
10.445,9.7139,9.5701,1
10.468,10.393,10.303,1
10.245,10.537,10.341,1
9.3977,10.311,9.9244,1
10.01,9.9142,10.676,1
10.032,10.103,9.3267,1
9.8222,9.3568,10.14,1
10.043,10,10.68,1
9.9895,10.663,9.8393,1
9.9583,9.7099,10.616,1
10.516,10.206,9.6045,1
9.7842,10.435,10.478,1
9.5194,9.8589,9.5374,1
10.243,10.637,10.011,1
9.9899,9.3632,10.243,1
10.462,10.152,9.5217,1
9.7331,9.4615,9.678,1
9.5359,10.365,9.6591,1
9.6837,9.8106,9.4264,1
10.116,10.126,9.34,1
9.6143,9.4932,9.7567,1
9.8079,9.8678,9.3593,1
10.643,9.9591,10.223,1
9.6297,10.162,9.451,1
9.4395,9.9103,9.6223,1
9.9172,9.6043,10.549,1
10.615,9.7073,10.032,1
9.5474,9.9568,9.4919,1
9.9095,9.908,10.669,1
9.9666,9.5799,9.4641,1
10.522,10.335,10.283,1
10.644,10,9.777,1
9.9461,10.093,10.673,1
9.8295,10.016,10.66,1
10.121,10.149,9.3458,1
10.082,9.5366,9.5065,1
9.8499,9.9952,9.3349,1
10.338,10.188,9.4384,1
10.034,9.9449,10.679,1
9.6493,10.314,10.493,1
10.426,10.314,10.43,1
10.302,10.078,9.394,1
9.3658,9.7692,9.903,1
9.6995,10.18,9.415,1
9.3714,10.02,9.7366,1
9.8315,10.487,9.5535,1
10.243,9.3651,9.946,1
9.8269,9.7399,10.606,1
10.06,10.246,9.367,1
9.4692,9.7677,9.6405,1
9.9378,10.018,9.3213,1
10.537,9.6043,9.8604,1
10.163,9.8632,10.648,1
9.9568,9.9253,9.3237,1
10.476,9.5465,9.8183,1
10.137,9.437,10.359,1
10.131,9.927,10.665,1
10.427,9.538,10.263,1
10.16,9.8033,10.633,1
10.381,10.181,10.536,1
9.9737,10.33,9.4042,1
10.322,10.601,9.9892,1
10.623,9.7504,10.118,1
10.021,10.003,10.681,1
9.9717,10.033,9.3196,1
9.944,10.268,9.3754,1
9.5324,10.322,10.378,1
10.265,9.9313,10.625,1
9.5672,10.069,9.4777,1
10.109,9.648,10.574,1
10.266,10.288,10.569,1
9.9344,9.544,10.515,1
10.46,10.029,9.4851,1
10.128,10.082,9.3261,1
10.059,9.4671,10.436,1
10.136,9.441,9.6173,1
9.8054,9.9938,10.663,1
9.8775,9.4143,10.345,1
9.5576,9.6521,9.5992,1
9.4929,9.5463,9.88,1
9.9794,9.9925,9.3094,1
10.409,9.6991,10.469,1
9.4725,9.8451,10.418,1
9.7842,9.3765,9.7949,1
9.8242,10.636,10.205,1
10.656,10.216,10.011,1
9.9893,10.676,9.8585,1
10.43,10.112,9.4707,1
9.808,10.555,9.6357,1
9.4092,9.9055,9.6545,1
10.282,9.9073,10.624,1
9.79,10.108,9.3508,1
10.052,10.096,9.3178,1
9.6627,9.493,9.6737,1
9.8225,10.307,9.4072,1
10.628,10,10.287,1
10.12,10.493,9.5312,1
9.8571,10.098,10.669,1
9.3302,10.151,10.077,1
10.251,10.405,9.5,1
9.6196,10.572,9.9234,1
10.557,10.31,9.7331,1
9.9105,9.6762,10.604,1
10.152,10,10.674,1
10.355,10.437,10.401,1
9.313,9.9344,10.033,1
10.498,10.475,10.055,1
10.608,9.8422,9.713,1
10.176,9.54,9.5153,1
10.028,10.586,10.364,1
10.212,9.7393,9.3962,1
10.412,10.165,10.529,1
9.9776,10.107,10.682,1
10,10,10.691,1
10.059,10.028,9.3122,1
10.296,9.7173,9.4436,1
10.299,9.8081,10.593,1
10.03,9.9678,10.69,1
9.4239,9.6551,9.8371,1
9.7331,9.3628,9.989,1
9.3322,10.107,10.142,1
10.125,9.8244,10.656,1
9.3878,9.6844,9.9452,1
10.216,9.6519,10.556,1
9.529,10.479,10.163,1
9.8341,10.335,9.4188,1
10.25,9.8809,10.633,1
10.305,9.4311,9.7534,1
10.488,10.41,10.267,1
9.5522,9.4832,10.098,1
10.119,10.673,9.9017,1
10.474,9.6021,10.307,1
9.9749,9.6844,9.3859,1
9.847,10.12,9.3371,1
10.025,10.036,9.3105,1
9.4329,9.7518,9.6932,1
9.8103,9.6173,9.4569,1
9.9782,10.002,10.691,1
10.181,10.582,10.326,1
9.6516,10.458,10.383,1
10.015,9.6838,10.614,1
9.9796,10.256,9.3586,1
9.6488,10.405,9.5643,1
10.252,10.049,10.641,1
9.3515,10.236,9.9671,1
10.036,10.08,10.685,1
10.234,9.9701,10.649,1
9.5699,9.7039,10.452,1
10.02,9.9373,10.688,1
10.275,10.035,9.3671,1
9.6336,10.219,10.543,1
10.128,9.9753,10.678,1
10.238,10.622,10.184,1
10.095,9.4586,9.5816,1
9.9167,10.199,9.3436,1
10,10,9.3091,1
10.114,9.9364,9.3216,1
10.364,9.8544,9.4309,1
9.5425,10.134,10.5,1
9.5197,9.8915,10.485,1
9.5217,10.209,9.5476,1
10.296,9.9812,9.3762,1
9.5134,10.435,9.774,1
9.9032,10.673,10.12,1
9.9986,9.9125,9.3146,1
9.5473,9.54,10.247,1
9.6735,9.4346,10.226,1
10.074,10.662,9.8159,1
9.7738,9.7028,10.581,1
9.8266,10.006,9.3312,1
10.362,10.267,10.536,1
9.4265,10.343,10.208,1
9.3981,10.136,9.6694,1
9.4055,10.019,9.6309,1
10.634,9.8778,9.7296,1
9.6892,9.3729,9.9889,1
9.8755,10.045,9.3126,1
9.7506,9.568,9.509,1
9.7419,9.8455,9.368,1
10.474,10.514,9.9667,1
9.9016,9.7157,10.632,1
10.102,9.8568,9.3224,1
9.853,10.131,9.3284,1
10.302,10.194,10.601,1
9.9878,10.154,9.3172,1
9.8894,10.4,9.4363,1
9.9081,10.639,10.27,1
9.3158,9.8905,10.1,1
10.251,10.352,10.55,1
9.8094,10.551,9.6123,1
9.7062,9.8714,10.622,1
10.241,9.3697,10.187,1
10.028,10.582,10.388,1
10.158,9.3504,9.7922,1
9.5303,10.323,9.594,1
9.4183,10.171,9.65,1
10.66,10.042,10.229,1
9.991,9.4299,10.406,1
9.7826,9.9792,9.335,1
10,10,10.7,1
9.9891,10.685,9.8566,1
9.6574,10.593,10.143,1
10.525,10.067,9.5416,1
9.543,10.2,10.491,1
10.042,10.236,9.3422,1
10.452,10.117,9.4783,1
10.032,9.3205,9.835,1
10.048,10.046,10.697,1
10.163,9.9347,10.678,1
10.112,9.6386,10.589,1
10.216,9.8971,10.658,1
10.246,9.7938,9.3778,1
10.133,10.247,9.3587,1
10.231,10.507,9.5761,1
9.6189,10.387,10.441,1
9.707,10.44,10.458,1
10.141,9.6904,10.612,1
10.628,10.299,9.9224,1
9.4881,10.049,9.525,1
10.33,9.3849,9.9445,1
10.401,10.494,9.7092,1
9.9503,9.3748,10.311,1
9.5994,9.4736,9.7711,1
9.668,9.925,9.3883,1
10.01,9.9119,10.694,1
9.9307,9.7492,10.65,1
10.11,10.454,10.522,1
10.058,10.094,9.3088,1
10.687,9.9123,9.9004,1
9.3463,9.7621,10.078,1
9.5706,9.7787,9.4934,1
9.6581,9.7646,10.564,1
9.8134,9.5545,10.507,1
10.093,10.243,9.3501,1
10.031,10.279,10.641,1
9.6804,10.165,9.3994,1
10.111,10,10.691,1
9.9914,10.02,10.7,1
10.61,9.6607,10.055,1
10.369,9.4059,10.033,1
10.159,9.8831,10.672,1
9.4787,9.8469,9.5586,1
10.699,9.9556,10.011,1
9.9865,10.018,9.3004,1
9.3543,10.103,10.25,1
9.688,10.245,9.4234,1
10,10,9.3,1
9.8283,9.865,10.665,1
9.56,9.553,9.6892,1
10.101,10.085,10.687,1
10.568,9.6352,9.8135,1
10.397,10,10.577,1
10.586,10.193,10.331,1
10.607,10.243,9.7502,1
9.7308,10.543,10.35,1
9.9078,10.44,9.4638,1
10.103,9.4142,10.369,1
9.899,9.8835,10.683,1
10.028,9.9655,9.3014,1
10.153,10.491,10.475,1
9.6914,9.5362,10.424,1
10.602,10.335,9.8784,1
9.9709,10.034,10.699,1
10.313,9.7014,9.4498,1
10.06,9.9349,9.3056,1
10.372,10.072,9.4111,1
9.9504,9.9556,9.3032,1
9.3636,9.9798,10.291,1
10.646,9.7877,10.165,1
9.8588,9.3252,10.122,1
10.364,10,10.608,1
9.5979,9.5359,10.355,1
9.9261,9.9491,9.2966,1
9.4044,9.6929,10.232,1
10.052,9.5301,9.4715,1
9.8412,10.183,10.666,1
9.9509,9.6588,9.3804,1
9.9742,9.6761,10.63,1
9.8214,9.3541,9.7681,1
10.3,10.56,9.6851,1
9.3266,10.198,10.101,1
9.8123,9.9317,9.3196,1
9.6353,10.326,10.513,1
10.594,9.8458,9.6455,1
9.4949,9.984,9.5026,1
9.2949,9.9327,10.034,1
10.246,9.3563,10.167,1
10.598,10.076,10.374,1
9.82,9.4799,9.5529,1
9.5824,10.183,9.4568,1
9.7678,10.305,10.597,1
9.9445,10.038,9.2941,1
10.452,10.379,10.393,1
10.046,10.149,10.692,1
10.431,9.5333,10.315,1
9.7224,10.56,10.335,1
10.702,10,9.8991,1
9.9975,10.156,9.3083,1
9.911,10.619,9.6651,1
9.5948,10.412,10.411,1
9.5771,9.4443,10.123,1
9.6096,10.587,10.079,1
9.6142,9.8867,10.584,1
10.23,9.7173,9.3916,1
10.458,10.119,10.528,1
9.944,9.903,9.2998,1
9.4773,9.8819,9.5356,1
9.8133,9.6233,9.429,1
9.7441,10.611,9.7469,1
10.513,9.5112,9.9663,1
9.3169,10.022,10.189,1
10.607,9.7569,10.274,1
9.4511,9.5683,9.8769,1
10.238,9.8867,10.658,1
10.374,10.602,9.9887,1
10.318,9.488,9.6261,1
10,10,10.709,1
9.9081,10.332,10.62,1
9.5672,9.9307,9.4426,1
10.55,9.5948,9.811,1
9.9003,10.288,9.3597,1
10.056,9.68,9.3697,1
10.132,9.9746,10.696,1
10.156,9.9134,9.3136,1
10.394,10.29,9.4868,1
9.9588,9.982,10.708,1
9.3935,9.6369,9.9438,1
9.9965,9.7788,10.674,1
10.238,10.046,9.3337,1
10.346,10.165,9.4035,1
9.5795,9.6238,9.5706,1
10.052,9.9269,10.703,1
10.182,10.399,10.557,1
10.54,9.547,9.9214,1
10.164,10.674,10.145,1
9.302,10.112,10.056,1
10.064,10.574,9.5887,1
10.033,10.688,9.8328,1
9.7671,9.65,10.571,1
10.596,9.6167,10.011,1
10,10,9.2909,1
10.25,10.082,9.3417,1
10.473,10.451,9.726,1
9.9577,10.015,9.2923,1
10.248,10.138,10.65,1
10.629,10.252,9.7895,1
9.9781,10.005,10.709,1
9.5359,10.365,9.6072,1
9.9401,10.031,10.706,1
10.09,10.513,10.481,1
9.9567,9.8967,10.7,1
9.9564,10.549,10.447,1
10.126,9.4792,10.464,1
10.199,10.013,10.68,1
10.066,9.7887,9.3263,1
10.471,10.51,9.8548,1
9.5664,10.26,10.497,1
10.393,10.552,10.211,1
9.9776,10.002,9.2913,1
10.084,9.843,10.686,1
10.239,10.154,9.3504,1
10.304,9.9807,10.64,1
9.5475,9.5403,9.7054,1
9.8679,9.3687,10.295,1
9.799,10.348,9.4159,1
10.127,9.9581,9.3037,1
9.8933,10.51,9.5189,1
10.452,9.9423,10.543,1
10.356,10.438,10.429,1
10.032,9.3384,10.253,1
9.6821,10.641,10.057,1
9.8726,9.3912,9.6409,1
10.066,9.9373,9.2876,1
10.027,9.4291,10.435,1
10.067,9.6176,9.3958,1
9.9447,9.6157,10.604,1
10,10,10.718,1
10.449,9.6695,10.453,1
9.5189,10.489,10.213,1
9.3495,10.237,10.191,1
10.016,10.043,10.717,1
10.371,10.597,10.147,1
10.403,10.385,9.5471,1
10.333,9.8414,10.616,1
9.5556,10.513,9.7651,1
9.3854,10.269,9.7437,1
10.658,9.784,9.8086,1
9.9154,9.9243,9.2908,1
10.5,10.42,9.7017,1
10.232,10.171,9.3421,1
10.114,10.073,9.2948,1
10.343,9.9339,9.3724,1
10.666,10.267,9.9658,1
9.4051,9.7835,10.339,1
9.7701,10.664,9.8529,1
9.9875,10.158,10.701,1
9.8879,9.8315,10.689,1
9.9595,10.021,9.2833,1
9.6056,10.272,10.535,1
9.3298,10.107,10.235,1
10.079,10.706,9.8978,1
10.172,9.856,9.3177,1
9.7256,9.8586,9.3515,1
10.705,9.91,10.102,1
10.174,10.325,9.3838,1
10.632,9.9598,9.6608,1
10.315,10.442,9.5297,1
9.5368,9.4655,9.8753,1
9.9772,10.001,9.2822,1
9.9394,10.421,10.578,1
9.8531,10.702,10.034,1
9.5677,9.432,10.08,1
10.169,10.698,9.9886,1
9.9389,10.146,9.2995,1
9.9345,9.7632,10.675,1
9.9874,10.019,10.718,1
10.147,9.5267,9.4802,1
9.4425,10.126,9.5651,1
10.113,10.007,10.709,1
9.6347,10.219,9.4217,1
10.045,9.5953,10.592,1
10.405,9.4315,10.169,1
9.9894,9.3292,10.256,1
9.546,9.8013,10.52,1
9.957,9.4589,10.47,1
10.113,10.643,10.298,1
9.9123,10.317,10.638,1
10.219,9.5201,9.5127,1
10.339,9.4532,10.319,1
9.4153,9.9814,9.5834,1
10.333,9.5905,10.487,1
9.941,9.8296,9.3048,1
9.5353,9.5279,10.277,1
10.305,9.8302,10.628,1
10.619,10.295,9.7868,1
10.319,10.083,9.3617,1
10.132,9.9659,10.705,1
9.5181,9.6683,10.417,1
10.167,9.933,10.695,1
10.604,9.6118,10.011,1
10,10,9.2818,1
9.8069,9.8482,9.3251,1
9.3858,9.9017,10.359,1
10.404,10.052,9.4085,1
10.142,10.457,9.4648,1
10.004,10.091,10.712,1
9.5581,10.042,9.4355,1
9.69,10.407,10.504,1
9.9345,9.9808,9.2851,1
10.141,9.4189,9.6022,1
9.2895,9.9322,9.9204,1
9.5544,10.399,10.398,1
9.6949,9.4715,9.6214,1
10.068,10,10.715,1
10.61,10,10.379,1
10.141,10.174,10.682,1
9.4317,9.6597,9.7225,1
9.9958,10.267,9.3333,1
10.334,9.3766,10.125,1
10.703,10.135,9.9431,1
9.8807,9.7153,10.648,1
9.7692,10.4,9.4498,1
10.181,10.196,10.667,1
9.7737,10.178,10.658,1
10.474,9.4873,9.8307,1
9.9101,9.8187,9.3109,1
9.3723,9.8582,9.6811,1
10.183,9.5219,9.4962,1
10.422,10.139,10.565,1
9.5571,10.13,10.55,1
10.466,10.187,10.526,1
10.103,9.7737,9.3166,1
9.8104,10.193,9.3248,1
9.6909,10.243,10.612,1
10.063,10.561,9.5414,1
9.605,10.173,10.586,1
9.9885,10.727,9.9885,1
9.5895,10.039,9.401,1
9.9386,10.427,9.4143,1
10.182,10.012,10.704,1
10.016,9.9569,9.2742,1
9.7041,10.445,9.5065,1
9.8533,10.701,10.126,1
9.6012,9.4007,10.104,1
9.9624,9.8914,10.718,1
10.662,10,10.302,1
9.707,10.262,9.3882,1
10,10,9.2727,1
10,10,10.727,1
10.415,10.583,9.8737,1
10.588,9.7199,9.677,1
10.532,10.138,9.5237,1
10.455,9.5072,10.281,1
10.01,9.7953,10.698,1
10.121,10.684,9.7841,1
9.3705,10.02,9.6364,1
9.3359,10.242,9.8285,1
9.5473,10.312,10.476,1
10.251,9.8995,10.675,1
9.4507,9.7168,9.6166,1
9.3856,10.139,10.364,1
10.184,9.7737,10.666,1
10.449,10.553,10.149,1
10.14,10.078,10.709,1
9.9644,10.448,9.4283,1
10.608,10.391,10.081,1
10.099,9.6818,10.646,1
9.6742,9.4357,10.323,1
10.441,10.085,10.572,1
10.016,10.067,9.276,1
9.4725,10.084,10.493,1
9.4961,9.6037,9.6565,1
10.317,10.343,9.4429,1
9.5596,10.579,10.012,1
10.018,9.9852,9.2731,1
9.8866,9.922,10.714,1
9.9455,9.3149,10.238,1
9.8792,9.7117,10.657,1
10.432,10.363,10.459,1
10.236,10.618,9.6979,1
10.374,10,10.624,1
10.712,9.8628,10.058,1
10.703,9.8176,10.035,1
10.719,10.092,9.9424,1
10.613,10.292,9.7404,1
10.273,10.44,10.51,1
10.34,10.635,9.8965,1
9.9849,10.044,10.726,1
10.137,9.9826,9.2859,1
9.6983,9.3913,10.26,1
9.9547,9.9478,10.724,1
10.24,10.526,9.5596,1
9.9646,9.7538,10.683,1
9.8169,9.3376,9.7621,1
9.921,9.9527,10.721,1
9.5173,9.9539,9.458,1
9.909,10.184,9.3022,1
10.573,9.5779,9.851,1
10.438,10.418,9.5971,1
10.281,9.605,10.542,1
10.586,9.6739,9.719,1
10.176,10.566,9.5781,1
9.9276,9.6539,10.636,1
10.559,10.412,10.216,1
9.5607,9.8401,10.557,1
9.9964,9.7731,10.691,1
10.138,9.743,9.3337,1
9.2827,9.8852,9.9654,1
9.8979,10.053,9.2819,1
9.8232,10.306,9.3645,1
9.572,9.4376,10.171,1
10.492,10.162,9.4898,1
9.4984,9.9841,9.4736,1
9.8408,9.8383,9.309,1
9.9911,10.021,10.727,1
9.4453,9.7572,10.403,1
10.7,9.9555,10.194,1
9.8806,9.8932,9.2906,1
10.016,10.333,9.3536,1
10.049,9.9218,9.2786,1
10.078,9.3033,9.8062,1
10.539,9.6534,10.343,1
10.355,9.8834,9.376,1
10.043,9.8225,9.296,1
9.8074,10.697,9.9194,1
9.4316,10.167,10.422,1
9.5953,10.467,10.383,1
10.298,9.7154,10.599,1
9.7001,9.9119,9.3433,1
10.1,9.4301,10.44,1
9.6356,9.5794,9.5178,1
9.8558,9.9257,9.2817,1
9.9654,9.5648,9.407,1
9.5552,10.162,9.4359,1
10.726,9.9074,10.082,1
10.558,10.469,10.105,1
9.9705,9.7947,9.2935,1
10,10,10.736,1
9.9946,10.337,10.655,1
9.8103,9.5471,10.549,1
10.713,10.185,9.9883,1
10.189,10.609,9.6318,1
10.035,10.728,9.8952,1
10.048,10.27,9.3164,1
9.9813,9.9325,10.733,1
10.61,9.6079,9.8721,1
10.63,9.6496,10.151,1
10.082,9.269,10.035,1
9.553,9.6001,10.427,1
10.73,10.093,9.965,1
10.231,9.4938,10.482,1
10.436,9.6793,10.5,1
9.7278,9.4507,10.408,1
9.8884,9.9672,10.727,1
10.066,10.123,10.723,1
9.9534,9.9193,10.73,1
10.341,10.42,9.5004,1
10.351,10.226,10.607,1
10.059,9.7552,10.692,1
10.301,9.9012,9.3351,1
10.296,10.321,10.593,1
9.8539,10.349,10.632,1
10.487,10.195,10.517,1
9.6422,9.9886,10.643,1
9.712,9.935,9.3254,1
10.171,9.815,9.308,1
10.114,10.022,9.2729,1
9.9395,10.175,10.713,1
10.639,9.7443,10.263,1
9.8641,10.157,10.707,1
10.23,10,10.7,1
9.6884,9.7855,9.3682,1
10.353,10.569,9.6941,1
10.068,10.609,9.5921,1
9.9847,9.9559,10.735,1
9.8804,9.9284,9.2769,1
10.342,9.3608,10.128,1
9.4938,10.453,10.284,1
9.9449,10.694,10.241,1
9.6468,9.4691,10.368,1
9.498,9.49,10.174,1
9.5502,9.8031,9.4512,1
9.5723,9.8443,9.4212,1
10.402,9.6627,9.4835,1
10.316,10.02,10.665,1
9.7085,10.047,10.675,1
9.9612,10.058,9.267,1
9.4167,10.056,10.446,1
10.371,9.4025,10.219,1
10.023,9.9956,9.264,1
10.337,10,9.3455,1
9.8649,9.3542,9.673,1
10.663,9.6845,10.058,1
9.5793,10.217,10.564,1
10.128,9.2749,10.012,1
10.507,9.9678,9.4671,1
10.348,9.5114,9.5729,1
10.033,10.087,9.2696,1
9.6539,9.5452,9.5357,1
9.4473,10.435,9.7814,1
9.4253,10.344,10.306,1
10,10,9.2636,1
9.9897,9.351,9.6522,1
10.657,9.8294,9.7155,1
10.033,9.3049,9.7592,1
10.409,10.301,10.533,1
10.251,9.691,9.3805,1
10.021,10.01,10.736,1
10.259,9.7529,9.3565,1
10.329,10.314,10.579,1
9.4654,10.368,10.348,1
9.3897,10.138,9.6118,1
9.8887,10.402,9.3935,1
10.253,9.337,10.196,1
9.3275,10.294,9.9416,1
10.231,10.324,10.619,1
9.5991,10.407,10.464,1
9.7713,9.9782,9.3004,1
9.9611,10.271,10.684,1
9.9633,9.9711,9.2651,1
10.212,9.3167,9.8264,1
10.26,10.569,10.388,1
9.707,10.507,9.5541,1
9.3406,10.021,10.327,1
10.695,10.228,9.9184,1
9.5635,10.574,9.8492,1
10.601,10.334,9.7372,1
9.8443,10.046,10.718,1
9.8174,9.9708,9.2872,1
10.167,10.69,9.8038,1
9.7565,9.2963,10.035,1
10.247,10.064,9.2995,1
9.993,9.5581,10.6,1
10.46,9.5019,10.31,1
9.854,10.075,10.727,1
10.273,10.51,10.47,1
10.649,9.6912,9.8014,1
9.7538,9.8305,9.3171,1
10.737,9.9059,10.059,1
10.132,10.163,10.715,1
10.16,10.659,9.6903,1
9.7492,10.289,9.3604,1
9.5871,9.3794,9.9882,1
9.9262,9.733,10.692,1
10.275,9.7975,10.663,1
9.3822,10.059,9.5871,1
9.5152,10.11,9.4444,1
10.297,10.119,10.673,1
10.562,9.9643,10.488,1
10.146,9.3969,10.413,1
9.8746,9.9354,10.732,1
10.016,10.093,10.739,1
9.8708,10.057,9.268,1
9.9146,10.309,9.3269,1
9.3324,9.9788,9.669,1
9.8592,9.327,9.712,1
10.017,10.044,10.744,1
10.225,9.9416,9.2918,1
9.5778,9.8152,9.414,1
9.9887,10.712,9.7787,1
10.11,9.3762,10.393,1
10.593,10,9.5485,1
10.725,10.14,10.106,1
10.12,10.385,10.627,1
10.494,10.235,9.4942,1
10.004,9.9057,9.2605,1
9.545,9.9272,10.586,1
9.3806,9.8181,10.373,1
9.4505,9.8759,9.5118,1
10.074,10.664,10.331,1
10.45,10.25,9.4605,1
9.4306,10.448,10.176,1
9.5471,9.5399,9.6273,1
9.9615,10.111,10.736,1
9.4004,10.096,10.432,1
9.9398,9.5816,9.386,1
9.8516,10.709,9.8243,1
9.3038,9.7466,10.083,1
10.325,10.107,9.3374,1
9.9681,10.402,9.3729,1
10.023,9.9955,10.745,1
10.056,9.8212,9.2784,1
9.3003,10.255,9.9645,1
10.053,9.5238,9.4289,1
10.404,9.4328,9.734,1
9.685,10.282,10.614,1
9.8845,9.7243,10.683,1
10.221,9.9274,10.708,1
10.55,9.5382,10.199,1
10.433,10.278,10.54,1
10.037,10.06,9.2579,1
9.6513,10.354,10.556,1
9.725,10.657,10.221,1
10.607,10,9.5676,1
9.2655,9.9299,9.8939,1
9.9413,9.2615,9.9174,1
10.06,9.9617,10.742,1
10.426,10.598,9.8706,1
10.135,9.8708,10.722,1
10,10,10.745,1
9.8728,9.8329,9.2847,1
10,10,9.2545,1
9.9099,10.627,9.607,1
9.5697,9.5034,10.352,1
9.4449,10.163,9.53,1
10.151,10.33,10.651,1
10.276,10.018,9.3079,1
10.728,10.093,10.129,1
10.059,9.8466,9.2729,1
10.345,9.3568,9.8473,1
9.4876,9.5415,10.288,1
10.441,10.325,10.506,1
9.5884,10.619,9.9409,1
9.4141,9.5392,10.012,1
9.8989,9.9395,9.2639,1
10.018,10.015,9.2549,1
9.7641,9.524,10.523,1
10.638,9.6452,10.153,1
10.402,10.436,10.451,1
10.371,9.4014,9.7562,1
9.7344,10.46,9.4771,1
10.159,9.6517,10.64,1
10.41,9.8357,9.3997,1
10.302,9.6281,10.571,1
10.185,10.176,10.7,1
9.8391,10.325,9.3486,1
9.4362,10.338,9.6479,1
9.9764,9.9591,9.256,1
9.2959,10.022,10.244,1
10.033,10.696,10.266,1
9.3166,9.7513,9.7989,1
9.894,9.9454,9.2549,1
10.438,9.7185,9.4539,1
9.7085,9.3041,10.012,1
9.7874,10.146,10.709,1
9.8374,10.097,10.73,1
9.8732,10.366,10.647,1
10.016,9.9824,10.754,1
9.2955,9.9776,10.269,1
9.2983,9.933,9.7307,1
10.073,9.9386,10.748,1
10.324,10.309,9.3924,1
10.244,9.6992,9.3526,1
10.314,9.9186,10.681,1
10.312,10.682,9.9164,1
9.8937,9.8159,9.276,1
9.4724,10.536,10.06,1
9.9616,9.5165,10.578,1
10.079,9.2913,10.247,1
9.3095,10.302,9.9641,1
9.8761,9.8892,9.264,1
10.445,9.5759,9.5623,1
10.056,10.5,9.4377,1
9.8949,9.269,10.155,1
9.4288,10.129,9.5242,1
9.4527,10.088,9.488,1
9.9907,10.586,10.476,1
9.5318,10.419,10.418,1
9.9898,10.071,10.751,1
10.677,10.222,9.7532,1
10.211,9.6057,10.608,1
9.4946,9.4865,9.776,1
9.3746,9.8587,9.6022,1
10.127,10.722,10.178,1
9.5895,10.121,9.3785,1
10.188,10.264,9.3187,1
9.9165,9.6007,10.635,1
10.36,10.443,10.494,1
10,10,9.2455,1
10.632,9.7925,10.356,1
9.3022,9.7951,10.201,1
10.235,10.254,9.3293,1
10.301,9.5154,9.5059,1
10.162,9.333,10.313,1
9.8954,9.789,10.717,1
9.9708,10.14,9.2591,1
10.73,10.189,9.988,1
9.5573,9.4891,9.6649,1
10.599,9.9619,9.543,1
10.067,9.9733,9.2489,1
10.031,10.653,9.6227,1
9.8297,9.5079,10.546,1
10.408,10,9.3652,1
10.664,10.042,9.6437,1
10.628,10,9.582,1
10.63,9.6497,10.224,1
10.086,10.357,9.3406,1
10.175,9.7536,9.3088,1
10.275,9.9469,10.7,1
9.8219,10.065,9.2696,1
10.233,10.61,10.377,1
9.2573,9.8812,9.9402,1
10.544,10.401,10.335,1
9.9179,10.196,10.724,1
9.3592,9.6164,10.107,1
9.9894,10.021,9.2458,1
10.047,9.9939,10.753,1
10.516,9.6199,10.398,1
10.608,10.338,10.292,1
10.392,10.631,9.869,1
9.8878,10.088,10.741,1
9.8477,9.9334,10.736,1
10.127,10.409,10.622,1
9.55,10.591,10.131,1
9.6364,9.5222,10.457,1
9.963,10.465,9.4069,1
10.07,9.7752,9.2831,1
9.5064,10.57,10.036,1
9.6976,10.01,10.691,1
9.9912,9.4458,10.512,1
9.6595,9.4883,10.438,1
10.111,10.044,10.745,1
9.8046,9.2932,9.8221,1
10.533,10.068,10.529,1
9.3823,9.5748,10.084,1
9.9745,10.092,9.2515,1
10.012,9.7422,9.291,1
10.585,10.376,9.7085,1
9.7208,10.027,9.2995,1
10.412,10.346,9.4707,1
10,10,10.755,1
9.8271,10.299,10.671,1
10.421,10.2,10.593,1
9.7313,10.404,9.422,1
9.4129,9.5383,9.8926,1
10.017,9.9553,9.247,1
10.725,10.14,9.8455,1
10.454,9.7838,10.562,1
10.152,9.6663,10.659,1
9.3899,10.315,9.6866,1
10.058,10.043,10.76,1
10,10,10.764,1
10.585,10.491,9.9879,1
9.3201,9.7025,10.18,1
9.7399,9.3792,10.361,1
9.9901,9.378,9.557,1
9.5804,10.216,10.6,1
10.123,10.394,9.3576,1
9.511,9.6155,10.443,1
10.287,10.536,9.5375,1
10.613,10.394,9.7733,1
10.306,10.429,10.553,1
9.7378,10.345,10.629,1
9.8823,10.027,10.754,1
9.5163,9.7506,9.4643,1
10.253,9.9344,9.2824,1
9.6769,9.7776,10.655,1
10.318,9.4067,9.6394,1
10.316,9.5567,10.536,1
10.05,10.45,10.615,1
10.046,9.5897,10.642,1
10.556,10.309,9.577,1
9.5961,9.3929,10.227,1
10.084,9.953,9.2425,1
10.132,9.2488,10.036,1
10.38,10.613,10.25,1
9.6872,9.3689,9.705,1
9.9489,10.185,9.2608,1
9.5737,10.433,10.462,1
10.223,9.2819,10.133,1
9.8566,10.342,9.3327,1
10.313,10.299,9.371,1
9.9732,10.04,9.2379,1
9.8419,9.9425,10.745,1
10.312,9.4964,10.482,1
9.4255,9.9451,9.4999,1
9.9442,9.2979,10.295,1
10.283,10.018,9.2911,1
9.5187,9.7118,10.518,1
10.284,10.114,9.3004,1
9.2784,9.7881,9.8674,1
9.7233,9.7524,10.667,1
10.45,10.554,10.273,1
10.272,10.713,10.012,1
10.32,9.6532,9.3997,1
10.236,10.03,9.2745,1
9.9026,10.677,10.339,1
9.8717,9.6293,9.3448,1
10.276,9.8226,9.3105,1
10.285,9.6486,9.3851,1
9.5381,9.393,9.9637,1
9.3732,10.274,9.6609,1
10.017,9.9295,9.2398,1
9.7528,10.714,9.8913,1
9.6073,10.351,9.4473,1
9.8591,9.8374,9.2673,1
10.637,10.123,10.403,1
9.6545,10.055,10.679,1
9.864,10.274,10.7,1
9.6263,9.3527,9.8436,1
10.027,9.4397,9.4819,1
9.8944,9.2654,9.82,1
9.3786,10.226,10.382,1
9.2627,9.8335,10.109,1
9.8309,10.133,10.733,1
9.9885,10.144,9.2502,1
10.613,9.5487,9.9395,1
9.503,10.574,9.9154,1
10.178,9.9287,10.739,1
10.023,10.006,9.2367,1
9.9204,10.055,10.757,1
10.167,9.9787,9.2551,1
9.8561,10.014,10.75,1
9.9901,10.047,10.762,1
10.652,10.31,9.7502,1
9.9125,9.6837,10.69,1
9.8794,9.9962,9.246,1
9.9419,9.7222,10.709,1
9.7114,10.5,10.5,1
10.71,9.7668,10.156,1
10.508,9.9677,10.569,1
9.9768,10.007,10.763,1
10.736,10,9.7965,1
10.289,9.3681,9.6828,1
10.661,10,9.6182,1
10.721,10.237,10.085,1
10.227,9.4061,10.423,1
10.454,9.619,9.5185,1
10.162,10.175,10.726,1
10.682,9.8685,10.317,1
10.296,10.649,9.7275,1
10.035,10.735,10.203,1
9.9959,10.261,10.718,1
10.443,9.789,10.585,1
10.355,9.6613,9.415,1
9.5631,10.262,9.4309,1
10.179,10.74,10.061,1
9.3593,9.8975,9.5974,1
10,10,9.2364,1
9.7545,9.7506,9.3213,1
9.7146,10.429,9.4241,1
9.9761,10.005,10.772,1
10.51,9.7161,9.494,1
9.324,9.7042,9.7706,1
9.8504,10.715,9.7473,1
10.566,10.036,10.524,1
9.5425,10.274,10.559,1
9.961,10.141,10.759,1
9.9084,10.637,10.428,1
9.8014,10.137,10.734,1
10.151,10.244,9.2826,1
10.595,10.154,10.468,1
9.9606,9.5049,10.592,1
10.591,10.496,9.9632,1
10.414,10.053,9.3499,1
10.521,10.564,9.9144,1
10.47,10.578,9.7941,1
10.301,9.6293,10.607,1
10.722,10,9.7242,1
10.229,10.736,9.9388,1
10.017,10.354,9.3132,1
9.9879,9.2391,9.8658,1
9.6594,9.4101,10.365,1
10.029,9.8813,9.237,1
9.7089,10.106,10.708,1
9.6128,9.9126,9.337,1
10.621,9.7513,10.386,1
9.3657,10.278,9.6569,1
9.9388,10.77,10.012,1
10.078,10.699,10.321,1
9.4558,9.572,10.343,1
9.8122,10.325,10.675,1
9.9267,9.49,10.576,1
9.8522,9.2935,10.276,1
10.444,10.623,9.89,1
9.7099,9.3074,10.182,1
10.573,9.6318,9.6351,1
10.571,9.5213,10.206,1
9.3277,9.6534,9.8417,1
9.2631,10.216,10.086,1
9.9144,10.087,10.763,1
9.9516,10.008,10.771,1
9.4006,9.981,9.5128,1
10.3,9.9222,9.2921,1
10.116,9.341,9.6136,1
10.073,9.9907,9.2308,1
10.628,9.9601,9.5518,1
9.8626,9.95,9.2412,1
10.481,10.268,9.458,1
10.683,9.6749,10.158,1
9.4854,9.6919,10.487,1
10.424,9.4052,10.253,1
10,10,9.2273,1
9.5896,10.367,10.542,1
10,10,10.773,1
9.7525,9.7786,10.698,1
9.7941,10.595,10.448,1
9.785,9.9656,9.2586,1
10.527,10.211,9.4757,1
10.239,10.114,9.2739,1
9.572,9.3567,9.9877,1
9.3655,9.5632,10.061,1
9.9887,10.713,10.299,1
10.156,9.8849,9.252,1
9.7514,10.593,9.572,1
9.8969,10.135,10.754,1
10.24,9.7399,10.687,1
10.062,10.04,10.769,1
10.086,10.225,9.2659,1
10.068,10.279,10.717,1
9.9852,9.9805,9.2277,1
10.187,9.6501,10.663,1
9.5082,10.568,9.8178,1
10.13,9.5816,9.3635,1
10.08,10.451,9.3777,1
10.733,10.241,10.037,1
10.073,9.3474,10.407,1
9.9566,9.9124,10.767,1
10.677,9.7776,9.7015,1
10.081,10.177,10.748,1
10.252,9.5941,9.3926,1
9.984,9.9537,9.2288,1
10.326,10.063,9.3023,1
10.495,10.365,9.532,1
9.8367,9.952,9.2463,1
9.3437,10.021,9.5926,1
9.5638,10.042,10.636,1
9.3236,10.349,10.134,1
9.541,10.361,10.506,1
9.2655,9.9299,10.229,1
10.273,9.2855,10.11,1
9.6879,10.63,9.679,1
10.11,9.7596,10.726,1
9.8999,9.6379,9.3248,1
10.252,10.47,9.4408,1
10.41,9.9209,10.65,1
9.8574,9.8355,10.741,1
10.497,10,9.4081,1
10.022,9.5424,10.622,1
10.071,9.9325,9.2335,1
9.9446,9.9504,9.2217,1
9.6475,9.6418,9.4011,1
9.8988,10.704,10.325,1
10.491,9.3951,9.938,1
9.7214,10.483,10.548,1
10.226,10.091,9.2572,1
9.344,9.895,9.5878,1
10.325,9.9156,9.2941,1
9.661,10.344,10.615,1
10.341,9.3644,10.302,1
9.912,9.9546,10.776,1
9.6739,9.8047,9.3168,1
9.6232,9.3474,9.7917,1
9.6058,10.518,9.5669,1
9.8504,10.715,9.721,1
9.7487,9.9085,10.735,1
9.8269,9.8638,9.2499,1
9.3774,10.321,9.6528,1
9.6554,9.482,9.5265,1
10.005,10.049,10.78,1
9.7572,10.023,10.743,1
10.107,9.8979,9.2323,1
10.07,9.6045,10.671,1
10.231,10.744,10.062,1
9.8765,9.5532,9.3704,1
9.9969,9.8037,10.757,1
10.512,9.9013,9.4173,1
10.507,9.4516,10.232,1
10.132,9.8893,10.763,1
10.439,10.282,10.583,1
10.006,9.9759,10.781,1
9.7065,9.2992,9.8157,1
9.993,10.443,9.356,1
9.7746,9.3488,10.369,1
10.084,10.348,10.695,1
9.9734,10.335,10.706,1
10.089,10.085,9.228,1
10.357,10.575,9.6091,1
10.037,10.78,9.9628,1
10.252,9.8142,9.2838,1
10.021,9.9549,9.2198,1
9.4081,10.134,9.507,1
10.759,9.9031,10.16,1
10.621,10.346,9.6752,1
9.2406,10.024,10.184,1
10.377,10.048,10.683,1
10,10,10.782,1
10.464,10,10.63,1
9.9094,9.3696,9.5465,1
10.418,10.587,9.6979,1
9.9445,9.3017,10.347,1
10.099,10.073,10.772,1
10.742,9.7563,10.037,1
9.3734,10.375,10.279,1
9.5038,10.079,10.599,1
10.199,9.4795,9.4516,1
10.471,9.7377,10.566,1
10.267,9.983,9.2653,1
9.9838,9.9813,9.2186,1
10.726,9.7095,10.012,1
10.735,10.241,10.111,1
10.677,10,10.391,1
10.674,9.6791,9.7679,1
9.6419,9.9886,9.3051,1
10.112,10.293,10.716,1
10.695,10.331,9.8642,1
9.905,10.028,9.2245,1
9.8303,10.614,10.453,1
9.572,10.383,10.53,1
10.19,10.049,9.2432,1
9.6677,10.261,9.3423,1
9.7376,9.4706,10.512,1
10.057,10.048,10.778,1
9.4737,9.8811,9.4342,1
10.525,10.568,9.8887,1
9.8067,10.558,9.488,1
9.5696,10.647,9.9133,1
9.4324,10.391,9.6308,1
9.2499,9.7798,9.9876,1
10.32,9.4844,10.493,1
10.573,10.036,9.4695,1
10.07,10.13,10.768,1
10.231,9.258,10.087,1
9.5573,10.194,9.3854,1
10.074,9.3398,10.412,1
9.6348,9.7486,10.644,1
9.5926,10.47,10.473,1
10,10,9.2182,1
10.622,9.6006,9.7443,1
9.7109,10.583,10.433,1
10.74,10.143,10.208,1
9.7107,9.9724,10.726,1
10.05,10.286,9.2742,1
9.9177,9.6069,9.3292,1
9.8422,9.9309,9.2374,1
10.036,9.2356,9.8399,1
10.485,10.598,10.136,1
10.245,9.6557,10.658,1
9.8666,9.8247,10.75,1
9.7146,10.681,10.256,1
9.7615,10.242,9.2859,1
9.8751,9.996,10.781,1
9.2503,9.8307,9.8135,1
10.288,9.5362,9.4276,1
10.296,9.636,10.637,1
9.5,9.7812,10.572,1
9.753,9.2863,10.235,1
10.658,9.7366,10.351,1
9.892,10.516,9.4106,1
10.056,9.4947,10.606,1
10.765,9.8016,10.038,1
10.031,9.3423,9.5619,1
9.6157,10.302,9.3783,1
10.268,9.9658,10.743,1
10.382,10.536,10.438,1
10.703,9.6652,10.137,1
9.6891,9.8138,10.703,1
9.5799,10.376,9.4452,1
9.3145,10.25,10.306,1
10.426,10.14,9.3485,1
10.215,10.233,9.2754,1
10.372,10.097,10.691,1
9.944,9.9499,10.787,1
10.317,9.4076,10.417,1
9.7339,10.307,9.3214,1
10.42,10.401,9.4634,1
9.8372,9.7553,10.734,1
9.7758,10.388,10.651,1
9.3224,10.349,9.7892,1
10.125,10.709,9.6714,1
9.5708,9.4361,9.6488,1
9.3803,9.6805,10.374,1
10.081,9.9406,10.785,1
10.659,10.423,10.113,1
9.6945,9.2706,10.013,1
9.6431,10.536,10.459,1
10.246,10.016,10.751,1
9.638,10.476,9.4821,1
9.7522,10.108,9.2568,1
9.9126,9.3924,9.5013,1
9.7543,10.023,9.2486,1
10.48,10.093,10.622,1
10.646,10.359,10.282,1
10.137,10.565,10.537,1
9.2458,9.7785,9.9123,1
9.2435,10.222,9.9373,1
9.9752,10.172,9.2285,1
10.39,10.628,9.7177,1
9.9034,9.6507,9.297,1
10.497,10.612,10.063,1
9.715,9.7105,10.679,1
9.7937,10.746,9.838,1
10.034,9.9632,10.789,1
9.7963,10.486,10.589,1
10,10,10.791,1
10,10,9.2091,1
10.613,9.9611,10.499,1
9.8742,10.363,9.3089,1
9.6904,10.625,9.6265,1
9.9118,9.822,10.766,1
9.9875,10.79,9.9624,1
10.267,10.698,9.7413,1
10.428,10,9.3346,1
10.319,9.3008,10.186,1
10.747,10,10.259,1
10.552,9.4739,10.211,1
10.301,9.9011,10.725,1
9.9501,9.3726,10.479,1
10.059,9.8103,9.2344,1
9.996,10.05,9.2107,1
9.8415,9.2423,10.162,1
10.582,10.277,9.5412,1
10.36,9.7688,10.665,1
9.2215,10.025,9.8627,1
10.579,9.5145,9.7652,1
10.186,9.2315,9.9875,1
10.171,10.143,10.759,1
9.5515,9.4824,10.395,1
10.08,10.715,10.329,1
9.8165,10.126,9.2411,1
9.9018,9.9228,9.219,1
10.523,10.209,10.555,1
10.66,9.8728,9.583,1
9.7083,10.175,10.714,1
10.624,10.08,9.521,1
9.7238,9.8995,9.2657,1
9.4098,10.094,10.518,1
10.26,9.3185,9.6944,1
9.2175,9.9253,10.088,1
10.007,10.15,9.2234,1
9.7458,9.5597,9.3941,1
10.087,9.8781,10.777,1
10.232,10.748,9.8874,1
10.061,10.045,9.2127,1
9.9793,9.9858,10.791,1
10.03,9.8284,10.771,1
9.9752,9.996,9.2095,1
10.047,10.088,9.2155,1
9.5426,10.103,9.3631,1
9.9891,9.3151,9.6045,1
9.6807,9.9695,10.733,1
10.536,10.395,9.5569,1
9.3146,10.353,9.7868,1
9.8245,10.017,10.78,1
10.367,10,9.2889,1
9.9131,9.948,10.794,1
10.402,9.4356,9.6,1
10.068,10.383,10.699,1
10.515,9.755,9.4388,1
10.042,9.9079,9.2064,1
10.399,10.642,9.7383,1
9.4461,10.242,9.4761,1
9.9873,9.2002,10.013,1
10,10,9.2,1
10.125,9.984,9.21,1
10.21,10.176,10.752,1
10.513,9.4446,10.262,1
10.145,10.139,9.2256,1
10.416,10.584,9.6447,1
9.6258,10.38,10.596,1
9.8785,9.7548,9.2482,1
10.759,10.249,9.9619,1
10.147,10.384,9.3136,1
9.8365,10.189,10.76,1
10.227,9.4053,9.5155,1
10.723,9.8123,10.286,1
9.4361,9.8344,9.4572,1
10.235,9.2439,9.8861,1
9.7358,10.182,9.2671,1
10.41,10.195,9.3411,1
10.574,9.8113,10.524,1
9.9901,10.621,10.504,1
9.809,9.3091,10.355,1
9.3747,10.184,9.536,1
9.2126,10.025,10.139,1
9.8318,10.486,9.3872,1
9.9719,9.9578,9.2016,1
10.324,9.6009,10.613,1
10.572,9.6325,9.5782,1
10.338,9.9349,10.722,1
10.222,10.714,9.7145,1
9.9391,10.291,9.2573,1
10.557,9.5322,10.332,1
9.4045,9.4672,10.038,1
9.6156,9.8018,9.327,1
10.299,10.368,10.644,1
10.022,10.453,10.659,1
10.56,10.36,10.443,1
10.061,9.4513,10.579,1
9.7918,10.274,9.2777,1
9.9746,9.9992,9.2004,1
9.9662,10.068,9.2036,1
10.111,9.3731,10.484,1
9.2221,9.8755,9.8611,1
10.034,10.037,10.798,1
10.02,9.5895,10.686,1
9.9679,9.7769,9.2324,1
9.7189,10.671,9.6677,1
9.7964,10.736,9.7625,1
9.9184,9.7641,9.2399,1
10.43,9.6837,9.4038,1
9.5663,10.652,10.164,1
10.365,9.4113,10.4,1
9.3369,10.15,10.422,1
10.37,9.3098,9.8362,1
9.71,9.9345,10.743,1
9.7527,9.5717,9.3712,1
9.9372,9.2106,10.114,1
9.9296,10.489,10.629,1
9.8112,9.9313,10.774,1
9.5185,9.3673,9.9113,1
9.8665,9.3622,10.464,1
10,10,10.8,1
10.063,10.138,9.2145,1
10.785,10.151,9.9873,1
10.375,10.701,10.089,1
10.183,9.2445,10.189,1
9.3731,9.507,9.9366,1
9.5168,9.4423,9.6909,1
10.146,10.603,9.4956,1
9.3649,9.5628,10.213,1
10.482,10.268,9.421,1
9.7272,9.7228,9.3009,1
10.586,10.037,10.543,1
9.6474,10.611,10.378,1
9.2714,10.117,10.309,1
9.6777,10.288,10.673,1
10.024,10.009,10.8,1
10.776,9.9507,9.8114,1
10.017,10.15,10.786,1
10.739,10.192,10.238,1
10.74,9.7036,10.063,1
9.395,10.362,9.6222,1
9.5543,10.162,9.3558,1
9.9821,10.225,10.768,1
10.265,9.747,10.711,1
10.075,10.01,10.796,1
10.11,9.9385,10.79,1
9.5518,10.352,10.561,1
10.176,10,9.2197,1
10.413,9.6532,9.397,1
9.8722,9.9959,10.799,1
10.238,9.2353,9.8849,1
9.2672,9.7333,9.7844,1
10.103,9.9242,9.2011,1
9.9716,10.043,10.807,1
9.8515,9.2904,10.359,1
10.284,9.2557,10.14,1
9.9195,10.063,10.803,1
9.9098,10.182,10.783,1
10.707,9.9097,9.6179,1
9.5922,9.7898,9.3336,1
10.178,10.467,9.364,1
10.592,10.497,10.24,1
10.541,10.585,9.8595,1
10.166,10.533,10.586,1
9.7755,10.295,9.2809,1
10.159,9.3454,10.448,1
9.7028,9.4853,9.451,1
10.412,10.053,9.3058,1
10.261,9.4288,10.51,1
9.5443,9.5923,10.53,1
9.9744,9.9976,9.1913,1
10.425,9.3147,10.064,1
9.8431,9.5467,10.652,1
9.9282,9.927,9.1974,1
10.723,9.8607,9.6639,1
10.228,9.8915,9.2313,1
10.51,9.3721,9.9872,1
9.9417,9.2663,10.336,1
9.5263,9.9242,9.3485,1
10.188,9.7967,9.2397,1
9.6562,10.595,9.5734,1
10.077,10,9.1946,1
9.4753,10.191,9.4144,1
9.3888,10.019,9.4702,1
10,10,9.1909,1
9.5113,9.436,9.6874,1
10.221,10.123,10.769,1
10.15,10.096,9.2108,1
9.501,9.8535,10.62,1
10.74,10.192,9.7354,1
9.6443,10.104,10.719,1
9.4476,10.331,9.51,1
9.9505,10.344,10.731,1
10.078,9.3036,10.405,1
9.5377,10.47,10.469,1
10.122,9.31,9.5955,1
10.054,10.222,10.776,1
10.585,10.558,10.013,1
9.4142,10.302,9.5307,1
10.575,9.9634,9.4324,1
9.6163,9.9133,10.707,1
10.547,9.4784,10.289,1
10.499,10.615,9.8343,1
10.513,9.8317,10.603,1
10.778,10.15,10.166,1
10.365,10.681,9.7598,1
9.7846,9.221,9.9615,1
9.9688,10.392,9.293,1
10.679,9.5639,9.9359,1
9.7963,10.737,10.265,1
10.011,10.228,9.2237,1
10.144,10.316,9.2695,1
10.032,9.3271,9.5518,1
10.623,9.8383,10.49,1
10,10,10.809,1
10.242,10.178,9.2489,1
9.892,9.8582,10.789,1
9.9809,10.017,10.809,1
10.398,10.642,9.7112,1
10.048,10.435,10.681,1
10.048,10.273,10.76,1
10.456,9.3595,9.8092,1
9.5888,10.475,9.4898,1
9.9968,10.203,9.2168,1
9.2173,10.075,10.191,1
9.9295,10.031,10.805,1
9.7245,9.3422,10.382,1
10.153,10.01,9.2055,1
9.3129,9.5886,10.115,1
9.7636,9.8141,10.751,1
9.7344,10.634,10.427,1
9.4375,10.127,10.568,1
10.652,9.6372,10.313,1
9.9949,9.6757,10.741,1
9.547,10.072,10.666,1
10.29,10.407,10.636,1
9.9499,10.145,10.794,1
9.5984,9.3964,9.6407,1
9.8559,9.7093,9.2588,1
9.6577,9.7643,10.694,1
10.565,10.185,10.549,1
10.75,10.3,10.038,1
10.724,9.7102,10.216,1
9.8856,9.2041,9.9103,1
10.024,9.9548,9.1925,1
9.8935,10.509,9.3802,1
10.395,10.188,9.3193,1
9.2634,9.6776,10.09,1
9.9079,10.047,10.812,1
9.6371,10.732,9.9611,1
10.431,10.694,10.039,1
10.541,9.9309,10.61,1
9.8891,10.066,10.808,1
9.3801,10.487,10.218,1
10.761,9.7501,10.168,1
9.2849,10.162,10.363,1
9.9841,9.9239,9.1855,1
10.683,9.6201,10.243,1
10.462,10.5,10.453,1
9.3006,10.255,9.6601,1
10.484,10.031,10.659,1
9.7365,9.2386,10.142,1
10.104,10.43,9.3117,1
9.743,9.6137,9.3261,1
9.8583,9.8886,10.798,1
10.652,10.48,9.8836,1
9.9741,9.9551,9.1835,1
9.974,10.327,10.75,1
10.014,9.6963,9.2404,1
9.865,9.7275,10.76,1
9.9948,9.672,9.2505,1
10.787,9.7958,10.091,1
9.4945,10.016,10.643,1
10.184,10.59,9.4642,1
10.019,9.9515,10.817,1
10.138,10.783,9.8071,1
9.894,10.383,10.715,1
9.5875,9.4579,9.5468,1
10.068,10.038,10.814,1
9.6019,9.7617,10.674,1
9.2191,9.9752,9.7571,1
9.543,10.601,10.316,1
9.7923,10.312,9.2728,1
10.237,9.9051,10.777,1
10.457,9.7826,9.3569,1
9.917,9.4228,9.4261,1
9.1905,10.077,9.9093,1
10.635,10.408,9.6839,1
10.068,9.7799,9.215,1
9.9915,10.025,9.1822,1
9.7697,9.7342,9.2612,1
10.585,10.491,10.292,1
10.372,9.7609,10.688,1
10.036,9.7976,9.208,1
9.9501,9.8808,9.1921,1
9.503,10.505,9.5909,1
10.759,10.146,9.7324,1
9.2506,10.328,10.013,1
10,10,10.818,1
10.461,9.3523,10.193,1
10.365,9.3185,10.268,1
10.383,9.5852,9.4079,1
10.148,9.7622,9.2312,1
9.5197,10.331,10.574,1
9.4658,9.7246,9.4449,1
9.8224,9.3576,9.5254,1
9.6081,10.351,9.3732,1
10.322,9.7298,9.298,1
9.2453,9.8792,9.708,1
9.6524,10.602,9.5686,1
10.025,9.9951,10.818,1
10,10,9.1818,1
10.103,10.013,9.1884,1
10.381,9.6371,10.627,1
10.257,9.4375,10.536,1
9.8499,10.718,9.6367,1
9.3995,9.4627,9.8579,1
9.9817,9.7702,10.785,1
10.02,9.8209,9.2019,1
10.023,10.204,10.792,1
9.3419,10.105,10.475,1
9.2151,10.23,9.987,1
9.3088,9.8439,10.409,1
9.9145,10.595,10.555,1
10.112,10.107,9.1966,1
10.316,10.444,9.3902,1
10.035,10.743,10.34,1
9.7315,9.9212,10.769,1
10.721,10,9.6136,1
10.736,10.351,9.9352,1
10.352,10,10.739,1
9.7459,9.9757,9.2227,1
9.6039,9.5976,10.592,1
9.3467,9.7622,10.431,1
10.397,9.9748,9.285,1
10.265,10.326,10.702,1
10.789,10.205,10.065,1
9.6912,9.7874,10.727,1
10.307,10.574,9.5045,1
10.752,10.301,10.116,1
9.2776,9.6838,9.782,1
10.173,10.453,9.3411,1
10.15,9.3829,9.4841,1
10.3,10.656,10.386,1
9.9873,10.801,9.8324,1
10.125,9.9082,10.803,1
9.7547,10.586,10.516,1
9.5736,10.492,10.495,1
9.5423,9.312,9.9606,1
9.2888,9.7912,9.6326,1
9.4476,9.5058,10.367,1
9.5612,9.7373,10.65,1
10.52,10.64,9.9344,1
9.987,10.822,10.092,1
10.226,10.126,10.786,1
10.025,9.9918,9.1731,1
9.9454,9.3134,10.458,1
9.2251,10.282,10.066,1
9.955,10.027,9.1744,1
9.6874,9.4586,9.4583,1
10,10,10.827,1
9.2498,9.6717,9.8823,1
9.8684,10.38,10.723,1
9.5098,10.016,10.666,1
10.206,9.7104,10.747,1
10.157,10.345,10.735,1
9.7858,10.775,9.805,1
10.194,9.7614,9.232,1
10.138,9.2148,9.7796,1
9.3505,9.4892,10.039,1
10.088,9.9434,10.821,1
9.5273,9.5197,10.48,1
10.039,10.125,9.1831,1
9.6872,9.2531,9.8306,1
10.182,10,9.1931,1
10.647,9.6921,9.5864,1
9.7149,10.575,9.4784,1
10.786,10.258,10.013,1
10.586,9.4412,10.169,1
9.3635,9.5618,10.295,1
10.332,10,9.2421,1
10.44,10.419,9.4387,1
10.246,10.346,10.71,1
10.105,9.9934,9.1794,1
10.141,9.8474,10.801,1
9.6903,9.5931,9.3497,1
9.189,9.9226,9.8563,1
10.24,9.3705,9.5201,1
9.8507,10.714,9.6093,1
10.226,9.9415,9.2062,1
10.206,10.026,9.1992,1
9.9597,9.7199,10.777,1
9.6709,10.334,9.3186,1
10.532,10.253,10.58,1
10.162,9.3307,9.5418,1
9.6139,9.5544,9.4197,1
9.5086,10.386,10.542,1
10.288,10.312,9.2902,1
9.9912,9.4485,9.3835,1
10.016,9.9499,10.826,1
10.131,10.741,10.344,1
9.5832,10.627,9.6563,1
9.5996,10.038,9.2771,1
9.9089,10.158,10.807,1
10.09,10.81,10.144,1
9.8437,9.2531,10.32,1
10.559,9.5313,10.391,1
10.269,9.8505,10.768,1
9.2926,9.8868,10.414,1
10.156,10.01,10.812,1
9.3814,9.7748,9.499,1
10.757,10.196,9.7294,1
10.504,10.423,10.501,1
10.125,10.517,9.3663,1
10.301,9.5149,10.599,1
9.3999,10.096,10.561,1
10.34,9.2551,10.118,1
9.9214,9.9975,9.1765,1
10.018,9.6214,9.2647,1
10.071,9.3619,10.522,1
9.5131,10.64,10.195,1
9.8188,10.433,10.681,1
9.9814,10.129,10.817,1
9.8833,10.104,9.1877,1
10.026,10.005,10.827,1
9.8133,9.4605,9.4013,1
10.69,9.867,10.436,1
9.564,9.7752,9.3338,1
10.16,10.418,10.696,1
10,10,9.1727,1
10.547,9.9302,10.617,1
10.391,10.729,9.9869,1
10.017,10.355,9.253,1
9.9388,10.77,9.7048,1
10.208,10.153,9.214,1
9.2111,10.232,9.9083,1
10.726,9.7094,10.271,1
9.9651,9.9295,10.824,1
10.402,10.648,9.6804,1
10.653,10.261,9.5638,1
10.251,9.5313,10.634,1
9.2294,10.174,10.246,1
9.7928,10.107,10.794,1
9.7895,9.2386,9.7544,1
9.7071,10.338,9.3041,1
10.228,9.8322,9.2226,1
9.2222,9.8243,10.22,1
9.7268,10.188,10.758,1
10.138,10.077,10.821,1
9.9679,10.042,9.1653,1
9.3355,10.15,9.5149,1
9.2,10.235,10.066,1
10.017,10.021,9.1641,1
10.061,10.086,10.83,1
10.093,10.529,9.3593,1
9.476,9.8093,10.623,1
9.2975,10.362,10.274,1
9.7944,10.744,10.323,1
9.8305,9.1897,10.119,1
9.5672,9.3495,9.7015,1
10.615,10.293,10.485,1
9.9883,9.2629,9.605,1
9.8736,9.5429,10.689,1
9.3805,9.4458,10.093,1
10.491,9.8387,10.657,1
10.469,10.301,9.3767,1
10,10,9.1636,1
9.8092,10.385,10.718,1
9.8429,9.6249,9.2691,1
10.177,10.463,9.3265,1
9.6407,9.9886,9.2448,1
10.119,9.7398,9.2141,1
10.602,9.4264,9.9073,1
9.9264,10.512,9.3426,1
9.7445,10.738,10.298,1
9.4007,9.8646,10.567,1
9.6673,10.338,9.3111,1
10.377,10.704,10.248,1
10.82,9.8419,9.9602,1
10,10,10.836,1
10.116,9.857,10.816,1
9.8084,10.457,10.673,1
10.627,9.92,10.548,1
10.184,10,9.1842,1
10.111,10.178,10.81,1
10.119,9.9432,10.826,1
9.9583,10.033,10.835,1
9.3375,9.9367,10.507,1
10.592,10.565,9.8287,1
10.574,9.5183,10.371,1
10.227,9.6349,9.2824,1
9.7175,10.045,10.786,1
10.153,10.631,9.4726,1
9.3746,10.228,9.4935,1
9.642,9.2777,9.7771,1
10.822,9.9478,9.8548,1
10.377,9.4712,10.527,1
9.8244,10.157,10.802,1
9.9887,9.9213,9.1674,1
10.299,9.4428,9.4523,1
9.7265,9.2097,9.9867,1
10.248,9.2023,10.04,1
10.395,9.7802,9.2964,1
9.8278,10.259,9.2235,1
10.759,10.048,9.6526,1
9.6447,10.615,10.441,1
9.702,9.8463,10.766,1
9.4146,9.597,9.559,1
10.813,10,10.197,1
9.855,9.9365,9.1788,1
9.827,10.119,9.1904,1
9.6928,10.134,9.2338,1
10.621,10.457,9.6769,1
10.012,10.261,9.2054,1
9.4886,10.306,9.4133,1
10.289,10.116,10.776,1
9.9448,10.694,10.463,1
9.5093,9.4337,9.6286,1
10.577,9.8503,10.587,1
10.573,10.073,10.605,1
10.289,9.7869,10.755,1
9.4721,10.609,10.223,1
10.054,9.9416,10.833,1
9.2488,9.8798,10.347,1
9.5936,10.013,10.731,1
10.093,10.831,10.013,1
9.8084,9.6681,9.2566,1
9.8517,10.709,10.418,1
10.438,10.114,10.704,1
9.4026,9.6423,9.5367,1
10.242,9.903,10.795,1
10.064,9.4264,9.3947,1
9.7654,10.022,9.1975,1
10.551,10.597,9.8028,1
10.471,10.395,9.4325,1
9.3722,9.5063,9.7517,1
9.5012,9.3446,10.145,1
9.2417,9.7773,9.7265,1
10.219,10.704,10.395,1
10.101,10.033,9.1704,1
10.13,10.025,9.1741,1
10.127,9.4776,10.641,1
9.4152,9.4058,9.9337,1
9.9869,10.828,9.881,1
10.039,9.1823,10.171,1
9.9426,9.278,9.5818,1
10.009,9.9752,10.836,1
10.067,9.6226,10.743,1
9.5111,10.642,9.749,1
9.8812,9.6566,10.763,1
9.8981,10.243,9.1968,1
10.155,10.499,10.665,1
10.222,9.8141,10.794,1
9.5021,10.218,10.648,1
10.01,10.025,10.845,1
9.3419,9.5469,10.277,1
9.1712,9.9209,10.147,1
10.485,9.8741,10.681,1
9.568,10.649,9.6734,1
10.49,9.3121,10.04,1
9.9477,10.151,9.1698,1
10.708,9.7675,9.6007,1
10.674,10.496,9.8797,1
9.6586,9.5514,10.63,1
10.234,10.045,10.811,1
10.36,10.506,9.4264,1
9.711,10.009,9.2055,1
10.134,10.757,10.351,1
10.029,9.9249,10.842,1
10.097,9.954,9.1613,1
9.8034,10.176,10.803,1
10.653,10.262,10.468,1
9.8905,9.6038,10.739,1
10.523,10,9.3354,1
9.6763,9.7104,9.2746,1
10.416,10.349,9.3523,1
10.04,10.844,10.013,1
10,10,10.845,1
9.8851,10.799,10.251,1
9.3134,10.155,9.5317,1
9.4147,9.7438,9.4463,1
10.211,10.027,9.1816,1
10.523,9.7905,9.3699,1
10.514,10.556,9.6246,1
10.62,9.9606,10.574,1
9.298,10.362,10.302,1
10.331,10.315,10.711,1
9.6257,10.755,9.933,1
9.9522,10.601,9.4069,1
9.9939,10.387,10.751,1
9.9896,9.3439,9.4669,1
10.117,10.065,10.835,1
10.623,10.205,10.533,1
9.9735,9.8156,10.825,1
9.844,9.82,9.1888,1
9.4587,9.5743,9.5096,1
10.197,9.1867,10.12,1
9.6257,9.2449,10.067,1
10.171,9.8741,10.818,1
9.6456,9.9199,9.2366,1
10.067,9.9169,10.839,1
10.265,10.581,10.554,1
9.85,9.2833,10.423,1
9.931,10.041,9.1584,1
10.721,10.187,10.399,1
9.7412,10.178,10.785,1
9.6637,9.6583,9.3036,1
9.8086,10.692,9.5543,1
10.038,10.155,10.83,1
9.1954,9.8712,9.7747,1
9.7083,9.4947,9.3881,1
9.4169,9.9815,10.612,1
10.143,9.1909,9.8007,1
9.7007,10.345,9.2888,1
10,10,9.1545,1
10.399,9.2549,9.9866,1
9.2672,10.267,10.327,1
9.9958,9.9465,9.1562,1
9.29,9.5749,9.8268,1
9.4195,10.59,10.173,1
10.336,9.9571,10.775,1
10.075,10.669,9.488,1
10.098,10.158,9.1753,1
9.2757,9.6266,10.225,1
10.69,9.616,9.6983,1
10.008,9.9744,9.155,1
9.6021,9.4019,10.446,1
10.595,9.433,10.199,1
9.4002,10.057,10.593,1
10.386,9.3778,9.5773,1
9.9496,9.9817,10.844,1
9.2011,10.235,9.8532,1
10.844,10,9.9598,1
9.2111,10.126,9.7235,1
10.213,9.7692,9.2151,1
9.606,10.31,9.3192,1
10.141,9.6917,9.2255,1
9.8148,9.5578,10.696,1
9.2621,9.7833,9.6488,1
10.346,10.222,9.2612,1
10.032,9.328,10.512,1
9.5799,10.728,10.094,1
10.392,10.187,10.725,1
10.325,10.607,10.49,1
10.093,9.1649,9.9063,1
10.756,10.048,10.375,1
10.084,10.104,9.1652,1
10.326,9.7906,9.2485,1
10.271,10.109,10.803,1
9.9879,9.2344,9.6205,1
10.154,9.9495,10.839,1
10.252,9.189,10.095,1
9.9009,10.043,9.1523,1
10.224,10.144,10.812,1
10.009,10.081,10.851,1
10.668,10.318,10.427,1
10.479,9.692,9.3631,1
10.476,9.9083,10.704,1
9.4629,9.4543,10.379,1
10.427,10.407,10.618,1
9.2172,9.6574,9.9864,1
9.6838,10.03,10.793,1
10.163,10.525,9.3454,1
10.343,9.36,9.5495,1
9.3982,10.538,9.7205,1
10.037,10.211,9.1728,1
10.817,10.104,9.7723,1
10.403,10.752,10.041,1
9.7051,10.511,9.3815,1
10.804,10.209,9.7985,1
10.758,9.6967,9.7463,1
9.5897,10.066,10.747,1
9.6719,9.2167,9.9053,1
10.113,10.182,10.827,1
9.6234,9.3477,9.5964,1
9.7311,10.642,9.5043,1
9.7436,9.7041,10.76,1
9.7925,9.7274,9.2171,1
10.098,10.404,9.2533,1
9.2899,9.7915,9.5727,1
9.8961,10.3,9.2067,1
9.7212,9.4375,9.4202,1
10.267,10,9.1881,1
9.8962,10.03,10.848,1
10.806,10.051,10.279,1
10.032,10.663,10.539,1
9.8206,9.8395,9.1801,1
9.9458,10.002,9.1472,1
10.092,10.099,9.1562,1
9.8313,9.1938,10.228,1
9.2824,9.5703,10.175,1
10.048,10.126,10.844,1
9.3767,10.227,9.4612,1
9.7831,9.674,9.2404,1
10.477,9.773,10.672,1
9.8918,10.517,9.3283,1
10.313,10.685,10.404,1
9.8799,9.6529,10.772,1
10.068,9.3947,10.599,1
9.6059,10.592,10.473,1
10.396,10.487,10.58,1
9.2962,9.5155,10.014,1
10.039,9.9626,10.853,1
9.4923,9.6008,10.56,1
10.394,10.554,10.518,1
10.08,9.545,9.2811,1
9.4019,10.412,10.451,1
9.7757,10.811,9.8516,1
10,10,10.855,1
9.9325,10.849,10.068,1
10.498,10.096,10.688,1
10.173,9.5473,9.2961,1
9.2052,9.7107,10.122,1
9.9188,9.9974,9.1493,1
10.194,9.6879,9.2284,1
10.839,9.8929,9.8784,1
9.8145,9.3291,10.496,1
10.319,9.5526,10.655,1
9.9732,9.9957,10.854,1
10.103,9.5734,9.2668,1
9.3304,10.527,9.9323,1
10.184,9.7732,9.197,1
10.68,10,9.4825,1
9.4442,9.8745,10.637,1
9.9866,10.841,10.148,1
9.8327,10.086,10.834,1
9.2262,9.9261,10.355,1
10,10,9.1455,1
10.339,9.2577,10.254,1
9.9851,9.8123,9.1665,1
10.354,10.297,10.719,1
10.141,10.079,9.1609,1
9.706,10.176,10.783,1
10.344,9.6278,9.3119,1
10.674,10.496,9.825,1
10.789,10.259,10.201,1
9.4059,10.134,9.4006,1
10.037,9.2236,9.645,1
10.643,9.5267,10.305,1
9.9822,10.02,9.1459,1
10.645,9.959,9.4404,1
9.2994,9.6388,9.6699,1
9.6455,10.715,9.695,1
9.9375,10.434,10.733,1
9.8878,9.2198,10.33,1
10.826,9.7856,9.9593,1
10.545,9.5427,9.5267,1
9.8542,10.192,10.82,1
9.1456,10.082,9.9043,1
10.004,9.918,9.1403,1
10.844,9.9464,10.177,1
10.749,9.8057,9.6165,1
10.166,9.8606,10.836,1
10.186,10.229,9.1884,1
10.721,9.599,9.7436,1
9.8051,10.563,9.375,1
10.802,10.321,10.014,1
10.136,10,10.853,1
9.9788,9.9495,10.862,1
9.4956,9.4875,10.478,1
9.3585,9.4955,9.7175,1
10.024,10.216,9.164,1
10.131,10.539,10.662,1
9.3212,10.534,9.9863,1
9.5726,9.2597,10.123,1
10.226,10.727,10.408,1
10.036,9.681,10.802,1
10.138,10.131,9.1576,1
9.5566,9.9859,9.259,1
10.496,10.129,9.3045,1
10.206,10.538,10.644,1
10.3,10.559,10.586,1
10.181,10.059,10.842,1
9.1628,10.189,10.096,1
9.7732,9.7383,10.791,1
9.168,10.026,9.7699,1
9.7313,9.647,10.741,1
10.484,10.311,9.3564,1
10.13,9.2634,9.5682,1
10.13,10.737,10.432,1
9.8521,9.4649,9.3384,1
10,10,9.1364,1
9.542,9.7258,10.679,1
9.879,9.1581,10.15,1
9.7059,10.129,9.1982,1
9.5648,10.654,9.6412,1
9.7345,10.634,9.477,1
10.526,10.442,10.523,1
9.9729,9.9957,9.1368,1
10.221,9.6432,9.2453,1
9.9865,9.1496,9.85,1
10.663,10.315,10.455,1
9.44,9.7962,10.625,1
9.9686,10.394,9.2324,1
9.2169,9.6573,9.8771,1
10.079,9.8888,9.1472,1
10.496,10.365,9.3942,1
10.354,9.662,9.2886,1
10.16,9.9691,9.152,1
10.29,10.056,10.812,1
9.9654,10.241,10.829,1
10.443,9.5205,9.4344,1
10.045,9.9006,9.1433,1
9.5687,10.747,9.9589,1
9.5255,10.245,9.3211,1
10.423,9.4797,10.545,1
10.018,10.371,10.78,1
9.6541,10.238,10.755,1
10.833,10.106,10.204,1
9.9418,9.2685,9.5447,1
10.57,10.317,10.566,1
10.833,9.8938,9.7964,1
9.3584,10.574,10.068,1
9.6203,9.8885,10.768,1
9.7925,9.4005,9.414,1
9.3243,10.246,9.5216,1
9.9324,9.9534,10.86,1
9.1714,9.9209,10.23,1
9.3165,10.409,10.334,1
10.026,9.9517,9.1381,1
9.7971,10.734,9.5921,1
9.8348,10.79,10.308,1
10.156,10.22,10.821,1
10.766,9.6935,10.256,1
9.9878,9.9754,10.863,1
9.4933,10.585,10.384,1
9.6438,10.105,9.2202,1
10.137,9.9116,10.848,1
10.166,9.3163,10.501,1
10,10,10.864,1
9.9875,10.785,10.359,1
10.574,10.621,9.8231,1
10.331,10.725,9.6663,1
9.585,9.786,10.727,1
10.863,10,10.041,1
9.6876,10.63,9.499,1
10.243,9.8842,9.1795,1
9.5446,9.8971,9.2735,1
10.818,9.7314,9.9316,1
9.8652,9.7974,9.1713,1
9.5413,9.5896,10.606,1
10.183,9.5217,10.695,1
9.1941,10.129,10.282,1
10.425,10.686,9.6918,1
9.5298,10.478,9.4554,1
10.489,10.031,10.711,1
9.9776,9.893,10.857,1
9.7903,10.276,9.2088,1
9.9388,9.8764,10.862,1
10.12,9.933,9.1382,1
10.58,10.628,10.179,1
10.157,9.7464,9.1799,1
10.311,10.814,9.9585,1
9.6292,9.3578,9.5399,1
9.4221,9.8303,9.3684,1
10.647,9.5841,9.5878,1
9.835,10.099,9.1487,1
10.783,9.6272,9.9033,1
10.325,10.13,10.8,1
9.9912,10.11,9.1343,1
9.1523,9.9731,10.206,1
10.034,9.9245,10.869,1
10.204,10.839,9.8758,1
9.4599,10.623,10.285,1
10.656,9.8299,9.4497,1
9.5398,9.8961,9.2658,1
10.146,10.828,10.233,1
10.393,10.076,9.2243,1
9.6341,10.083,10.788,1
9.9895,10.659,9.4285,1
10.188,10.158,9.1626,1
9.8052,9.8996,9.1552,1
9.5371,9.7229,10.686,1
9.9772,10.016,10.872,1
10.555,10.357,10.572,1
10.162,9.9687,10.857,1
9.7859,9.8317,9.1708,1
9.7347,10.137,10.82,1
10.362,10.793,10.042,1
9.8854,9.2032,9.6628,1
10.438,10.616,10.436,1
9.9308,9.1301,10.014,1
10.304,9.6707,9.2512,1
9.9296,10.49,9.2812,1
10.187,9.2285,9.6375,1
10.326,9.5984,10.703,1
9.203,10.29,9.7942,1
9.9449,10.005,9.129,1
10.203,9.715,9.2005,1
10.625,10.596,10.124,1
9.8374,10.777,10.363,1
10.074,9.5821,10.763,1
10.191,10.024,10.851,1
10.854,10,9.8213,1
10.095,10.854,9.8485,1
10.077,9.3098,10.529,1
10,10,9.1273,1
10.245,9.9844,10.837,1
9.8213,9.1459,9.9862,1
10.776,9.901,10.388,1
10.66,9.7358,9.4938,1
9.3161,10.538,10.069,1
9.2652,9.7326,9.6125,1
10.02,9.9483,10.871,1
9.765,9.6467,9.2374,1
10.265,10.494,10.669,1
9.6773,10.651,9.5166,1
9.7155,10.822,9.9308,1
9.6664,10.501,10.632,1
9.5703,10.744,10.152,1
9.7249,9.2051,9.7674,1
10.259,9.915,10.829,1
9.5005,9.3437,9.7146,1
9.7193,10.67,10.483,1
10.283,10.158,9.1898,1
9.526,9.7925,9.2972,1
10.035,9.2593,10.46,1
10.648,10.477,10.337,1
9.4267,9.4871,10.412,1
10.105,10.034,10.866,1
9.4281,9.419,10.311,1
9.7195,10.285,10.776,1
10.515,9.5094,10.506,1
9.3285,9.5377,9.6885,1
9.4953,10.663,9.7409,1
9.9204,10.023,9.1312,1
9.4254,9.9081,10.65,1
9.2537,10.119,9.5636,1
10.133,9.5719,10.749,1
9.9974,9.8349,9.143,1
10.491,9.5879,9.4078,1
9.5927,9.5299,10.612,1
10.275,9.4871,9.3496,1
9.5466,10.198,10.719,1
10.783,10.373,10.097,1
10.04,10.832,10.259,1
9.4608,10.017,9.314,1
10.602,10.156,9.3878,1
9.3087,9.934,9.4715,1
10.296,10.477,9.3315,1
10.302,9.7776,9.212,1
9.8292,9.3821,10.592,1
10.028,10.002,9.1277,1
9.4952,10.452,10.55,1
10,10,10.873,1
10.324,10,10.81,1
10.138,10.17,10.845,1
9.8743,10.455,10.734,1
9.379,9.4444,10.288,1
9.6069,9.6909,9.2737,1
9.325,10.246,10.512,1
9.6548,9.3036,9.5835,1
9.7599,10.694,10.488,1
10.012,10.111,9.1253,1
9.3744,9.9403,10.619,1
9.5405,10.53,10.534,1
9.4222,10.587,9.6853,1
10.194,9.9877,9.1398,1
9.5514,9.7314,9.2899,1
9.9302,10.878,9.958,1
10.42,10.517,9.4225,1
10,10,9.1182,1
9.9024,10.467,9.2582,1
10.848,9.8367,9.8194,1
9.9487,9.3543,9.4017,1
9.6303,10.083,9.2038,1
10.651,9.4537,10.235,1
9.2163,9.596,9.986,1
10.44,9.5241,10.598,1
9.2781,9.503,10.098,1
10.029,9.9525,9.12,1
10.143,9.1888,10.315,1
9.8361,9.7162,10.819,1
9.8749,9.1299,9.9301,1
10.033,9.8646,9.1293,1
10.801,9.6792,10.181,1
10.018,9.6214,10.796,1
10,10,10.882,1
10.024,9.9849,10.881,1
10.096,9.1369,10.153,1
9.8876,10.782,9.6084,1
9.5157,10.333,10.657,1
9.4388,9.3524,9.7921,1
9.5694,10.647,10.416,1
10.589,10.561,10.341,1
10.078,10.031,9.1222,1
9.8989,9.8672,10.866,1
9.7629,10.186,9.1714,1
9.4744,9.466,10.465,1
10.477,10,10.742,1
10.095,10.537,9.3068,1
9.81,10.114,9.1464,1
10.351,10.045,10.808,1
9.6901,9.2602,9.6337,1
10.77,10.428,10.042,1
10.331,10.619,9.466,1
10.618,9.7058,10.556,1
9.8086,9.3077,9.4885,1
10.592,10.641,9.8745,1
9.8624,9.7932,9.1539,1
9.7965,10.736,9.5591,1
9.5833,10.722,9.7116,1
10.807,9.7348,9.765,1
10.789,10.05,10.392,1
10.081,9.8233,10.86,1
9.2149,10.344,10.208,1
10.387,10.543,10.577,1
10.112,10.083,10.871,1
9.5886,9.8792,10.771,1
10.354,10,9.1922,1
10.638,9.3916,10.014,1
10.325,9.7604,9.2162,1
10.266,10.069,9.1622,1
9.1971,9.6486,9.9023,1
9.8884,9.9965,10.875,1
9.7283,9.9565,10.838,1
9.99,9.3716,9.3814,1
10.736,9.5906,10.262,1
10.347,10.291,9.2434,1
10.007,10.027,9.1186,1
9.1786,9.8145,9.7382,1
10.148,10.477,10.726,1
10.214,9.9444,10.854,1
10.117,9.781,10.846,1
9.1983,10.025,10.366,1
9.7022,10.048,10.829,1
10.151,10.072,9.1341,1
10.134,9.5675,10.757,1
9.4676,10.7,10.07,1
10.712,10.234,9.5351,1
9.9914,10.545,10.693,1
9.8796,9.4245,9.3428,1
9.5465,10.406,9.3618,1
9.8678,9.6182,10.784,1
10.025,10.522,10.71,1
9.6189,10.196,9.2294,1
9.4357,10.054,10.676,1
9.3433,10.193,9.444,1
10.117,9.6938,9.1813,1
10.053,9.9349,10.878,1
9.7483,10.508,9.3245,1
9.3101,9.7489,9.5115,1
10.253,10.554,10.638,1
10.055,10.011,10.88,1
10.29,10.76,9.6593,1
10.758,9.9033,10.441,1
9.6628,10.805,10.125,1
10.504,9.2926,9.8469,1
9.4276,9.9818,10.682,1
9.9913,9.4493,10.7,1
10.401,10.563,9.4382,1
10.387,10.325,10.734,1
9.1453,9.749,10.014,1
9.6048,9.2027,9.9576,1
10.729,9.7081,9.5792,1
10.078,9.6782,9.1729,1
9.7661,9.7301,10.816,1
10.634,9.9597,10.625,1
9.9367,10.796,10.396,1
9.7625,9.4329,10.645,1
10.364,9.2019,9.8453,1
10.244,10.785,10.344,1
9.2249,10.4,10.182,1
10.741,10.297,9.6044,1
10.196,10,9.131,1
9.2663,10.505,9.9859,1
10.17,10.371,9.2081,1
9.9699,9.8913,10.884,1
10.722,10.464,9.7626,1
10.093,10.173,10.869,1
10.657,9.7842,10.562,1
10.456,10.736,9.79,1
9.9973,10.169,9.1252,1
10.075,10.427,9.2215,1
9.8761,9.8137,9.1376,1
9.8187,10.867,9.9013,1
9.7377,9.6553,10.779,1
9.9482,9.9773,9.1109,1
10.209,10.86,10.099,1
10.478,10.061,10.749,1
10.514,10.556,10.47,1
10.477,10.588,9.5303,1
9.425,9.4856,10.445,1
10.652,10.169,10.583,1
10.259,9.1673,9.8175,1
9.978,9.7229,10.846,1
10.525,10.501,10.517,1
10.146,9.7955,10.855,1
9.6371,9.8129,10.792,1
9.1864,10.296,10.21,1
10.403,9.5636,10.664,1
9.2621,9.7314,10.421,1
10.003,9.9436,10.889,1
10.299,9.9423,10.837,1
10.457,10.029,9.2356,1
10.407,9.3444,9.5545,1
10.091,10.067,9.1163,1
10.097,10.872,10.155,1
9.9723,9.92,9.1131,1
10,10,9.1091,1
10.213,10.07,10.862,1
10.486,9.5919,9.375,1
9.396,10.54,10.37,1
9.4063,10.019,9.336,1
9.3005,10.55,10.042,1
10.024,10.505,9.2662,1
9.6455,10.614,10.54,1
10.24,9.371,9.4166,1
9.8894,9.913,10.88,1
10.383,10,10.804,1
9.5409,10.466,10.604,1
9.7681,10.67,9.4605,1
9.2376,10.334,10.318,1
10.718,9.8137,9.5065,1
9.9174,9.9813,10.887,1
9.9376,9.7018,9.1628,1
9.5746,9.2632,10.265,1
9.8649,10.04,9.1203,1
9.9757,10.015,9.1095,1
10.388,9.2757,9.6558,1
10.478,9.939,9.2505,1
10.127,10.334,9.1838,1
9.848,10.2,9.1452,1
9.5288,10.708,9.7355,1
9.4742,10.05,10.717,1
10.736,9.5907,9.7086,1
10.399,9.62,9.2997,1
9.2834,10.115,9.4832,1
10.095,9.1466,10.237,1
9.1222,9.9162,9.8732,1
9.123,9.8597,9.9294,1
9.2095,10.179,9.6299,1
9.9069,10.648,9.3955,1
10.771,10.429,10.127,1
10.267,9.8037,10.827,1
9.8232,10.422,10.764,1
10.152,9.9275,10.875,1
10,10,10.891,1
10.624,9.599,10.493,1
9.7314,9.7271,9.1956,1
9.8736,9.1209,10.071,1
9.771,9.8424,9.1536,1
10.099,9.436,9.3175,1
10.76,10.362,10.291,1
9.9815,10.021,10.89,1
9.727,10.551,9.3552,1
10.525,9.3541,9.682,1
9.5468,9.7287,9.2826,1
10.209,9.7739,10.846,1
10.194,10.272,9.1645,1
9.7669,10.843,10.212,1
10.13,10.738,10.499,1
9.3589,10.02,10.631,1
9.3395,9.409,9.8437,1
9.2395,10.455,10.156,1
9.9351,9.1839,10.374,1
10.099,9.1146,9.8719,1
9.556,10.583,10.522,1
10.655,9.6357,9.5015,1
10.281,10.181,10.836,1
9.7163,10.82,10.24,1
10.844,9.8374,10.267,1
9.7466,9.992,9.1365,1
10.768,10.199,10.425,1
9.5891,10.212,9.2278,1
10.254,9.8793,9.1449,1
10.765,10.148,10.45,1
10.64,9.9593,9.3687,1
10.3,9.2146,9.6788,1
10.1,9.4303,9.3106,1
10.207,10.386,9.2135,1
10.326,10.155,9.1755,1
9.6223,9.238,10.294,1
10.031,10.66,10.611,1
9.8664,10.049,10.889,1
10.372,9.7259,10.772,1
10.036,10.078,9.1041,1
9.8196,9.6875,10.824,1
9.4635,10.545,9.5255,1
9.7831,10.064,10.871,1
9.4884,9.6478,10.651,1
10.039,9.1823,9.6261,1
9.9776,9.9823,10.9,1
9.5156,9.9537,9.2429,1
9.9919,9.9435,10.898,1
9.8957,10.726,9.4779,1
9.5805,10.33,9.2753,1
9.5195,10.722,9.7602,1
9.4357,9.8725,10.689,1
9.9716,10.003,9.1005,1
10.184,10.593,9.3486,1
9.502,9.2515,9.9572,1
10,10,10.9,1
10.557,9.777,9.3293,1
9.8874,10.227,10.864,1
9.5968,10.698,9.6003,1
9.7715,9.3399,10.567,1
10.429,9.7241,9.2587,1
9.5671,10.5,9.3893,1
9.3439,10.287,10.545,1
10.562,10.691,10.128,1
9.5791,9.5723,10.671,1
10.057,10.004,9.1018,1
10.108,9.9644,10.893,1
10.217,10.35,10.8,1
10.57,10.618,10.321,1
10.152,9.8725,10.878,1
10.43,10.316,10.725,1
9.9756,10.307,9.1543,1
9.7768,9.9643,9.1288,1
10.493,9.3072,9.7056,1
9.3769,9.7273,10.589,1
10.085,10.011,10.896,1
9.8028,10.471,10.741,1
10.529,10.174,10.707,1
10.122,9.6062,9.2,1
10.296,10.775,9.6523,1
10.566,9.3037,10.071,1
10.425,9.3148,10.4,1
10.406,9.2425,9.7328,1
9.4125,9.322,9.9287,1
9.8157,10.881,9.9857,1
10.564,10.538,9.55,1
10.198,10,9.1221,1
9.8731,10.114,9.1163,1
10,10,9.1,1
10.638,9.3921,9.8157,1
10.725,10.404,10.348,1
9.8506,9.6432,9.1874,1
9.7591,9.8557,10.855,1
10.366,9.1987,10.184,1
10.87,9.7742,10.043,1
10.211,9.1308,9.9002,1
10.736,10.295,9.575,1
9.4772,9.8097,9.2926,1
9.5195,10.077,10.757,1
9.931,9.9093,9.1072,1
10.099,10.889,10.1,1
9.8533,9.299,9.455,1
9.1608,9.7536,9.7878,1
9.9879,10.765,10.475,1
10.535,10.449,9.4325,1
10.142,10,9.1113,1
10.091,10.376,10.813,1
9.8834,9.5782,10.786,1
9.9892,9.3199,9.4106,1
9.2588,10.51,10.014,1
10.169,9.9784,10.884,1
10.682,9.913,9.4047,1
9.8483,9.2752,9.4727,1
10.603,9.4939,9.5455,1
10.034,9.691,9.1457,1
9.2526,10.12,9.4964,1
10.762,9.5101,10.072,1
10.843,10.337,10.043,1
9.9335,10.462,9.22,1
9.8424,10.069,10.893,1
9.8503,9.4584,10.715,1
10.221,9.9427,10.88,1
10.448,9.2784,9.6756,1
9.5371,9.6813,9.2854,1
10,10,10.909,1
9.6623,10.011,9.156,1
9.5488,9.3218,9.5963,1
9.9472,9.9769,9.0927,1
9.4304,9.7927,10.678,1
9.6329,10.289,10.78,1
10.89,10,9.8138,1
10.732,10.539,10.014,1
9.8418,10.756,9.5207,1
10.198,10.638,10.617,1
9.4199,9.4106,9.6223,1
10.583,9.5711,9.4494,1
10.314,10.688,10.504,1
10.299,9.5801,9.2512,1
9.9622,10.044,10.907,1
9.5171,9.568,9.3623,1
9.6201,9.5008,9.3421,1
9.7543,10.072,9.1277,1
10.036,9.9214,9.095,1
10.812,10.156,10.378,1
10.02,9.8867,9.0982,1
9.3117,9.8446,10.573,1
10.453,10.291,9.2679,1
10.547,9.7395,9.3225,1
10,10,9.0909,1
9.6426,9.786,9.192,1
10.599,10.649,10.214,1
9.7711,10.462,10.749,1
10.231,10.11,10.872,1
10.286,10.749,9.5707,1
10.091,10.146,9.1073,1
9.5067,10.648,10.404,1
9.711,9.1651,9.7857,1
9.5206,10.108,10.765,1
10.519,10.729,9.8421,1
9.8808,10.344,9.1672,1
10.054,9.8986,10.902,1
10.778,10.433,10.186,1
10.097,10.871,10.242,1
10.295,10.097,10.854,1
9.9932,9.9139,10.905,1
9.9111,9.8205,9.1132,1
10.212,10.874,10.129,1
10.199,10.025,10.887,1
10.868,10,10.27,1
10.171,9.297,10.551,1
10.338,9.8645,10.833,1
10.42,9.8621,10.794,1
9.8904,10.262,10.864,1
9.5807,10.726,10.351,1
10.104,10.099,10.898,1
9.9977,10.029,10.909,1
9.6509,9.1667,9.8992,1
10.174,9.442,9.3036,1
9.0979,9.9139,9.928,1
9.99,10.627,10.658,1
9.1653,10.08,9.6488,1
9.6527,10.179,9.1792,1
9.3041,10.253,10.527,1
10.427,10.796,10.101,1
10.628,9.4009,9.7301,1
10.534,9.4217,10.455,1
9.3974,10.612,10.297,1
9.5088,9.9844,9.2352,1
9.6092,10.587,9.4268,1
9.9894,9.3323,9.3832,1
10.848,10.22,9.7578,1
10.636,9.8774,10.638,1
10.898,9.9429,9.8706,1
9.8041,10.117,9.12,1
10.303,9.2067,10.324,1
10.022,10.019,9.0914,1
10.126,9.9302,9.1023,1
9.2364,9.6063,9.7027,1
10.094,10.531,10.732,1
9.7278,9.9201,9.1363,1
10.893,10.057,10.158,1
9.7787,9.7447,10.844,1
10.279,9.6569,9.2056,1
10.573,10.705,9.9856,1
9.2087,9.8734,10.429,1
9.8169,10.662,10.595,1
9.9407,9.5877,10.808,1
10.037,9.2284,10.479,1
9.3233,10.605,9.9567,1
9.5407,9.6388,10.696,1
9.8046,9.6616,10.821,1
10.308,10.147,9.1476,1
9.4991,10.753,9.8406,1
9.95,9.9701,10.916,1
9.8705,10.116,10.902,1
10.122,10.196,9.1112,1
9.8721,10.89,10.188,1
9.7906,10.423,9.2122,1
10.084,10.184,9.1044,1
9.7843,9.2199,10.434,1
9.8603,9.8165,10.889,1
9.4126,10.172,9.3157,1
10.266,10.106,10.872,1
9.3486,10.062,10.644,1
9.3574,10.442,10.484,1
9.9551,9.8928,10.911,1
10.815,9.7324,10.328,1
10.339,10.249,9.1839,1
10.484,9.4765,9.421,1
9.905,10.11,9.0934,1
9.7457,9.7725,10.852,1
10.313,9.6147,10.772,1
10.88,10.228,9.8693,1
9.6491,9.724,9.1976,1
10.604,9.4236,10.381,1
10.012,9.7416,10.881,1
9.7669,9.6497,10.816,1
10.913,10,9.8982,1
9.8936,9.2597,10.533,1
9.4921,9.8853,9.2437,1
10.06,10.541,10.739,1
10.073,9.9528,10.914,1
10.021,10.02,9.0823,1
10.534,10.657,10.355,1
9.3792,10.631,9.7553,1
10.086,9.9835,9.086,1
9.7195,9.1895,9.6723,1
10.28,9.3865,10.623,1
9.3148,10.3,9.4674,1
9.7768,10.387,10.802,1
10.098,10.063,9.0892,1
10.128,9.4709,9.2606,1
10.87,10.286,9.9272,1
9.2997,9.6935,10.509,1
10.4,9.7057,9.2276,1
10.719,9.6,9.5923,1
9.461,9.6289,9.3559,1
10.78,10,9.5159,1
9.6541,9.8741,10.841,1
10.04,10.834,9.6186,1
10,10,9.0818,1
10.127,9.2804,9.4439,1
10.088,9.2097,10.459,1
9.8284,10.027,9.0984,1
9.3506,9.6652,10.556,1
9.5964,9.1857,10.131,1
9.3657,9.3556,10.159,1
10.471,10.51,10.601,1
10.117,10.377,10.829,1
10.78,10.434,9.7835,1
10.845,9.9463,9.6453,1
10.431,9.1957,10.102,1
10.811,9.6137,9.812,1
9.3693,9.9398,9.3355,1
9.1911,9.9743,9.5664,1
9.9465,10.672,9.377,1
9.5333,9.4614,10.579,1
9.9906,10.59,9.2966,1
10.159,10.904,10.015,1
9.991,9.4325,9.2783,1
9.75,10.722,9.4914,1
9.9305,9.126,10.273,1
9.7414,10.008,9.119,1
9.8787,10.29,9.1372,1
10.91,10.116,9.9563,1
10.141,10.369,9.1709,1
10,10,10.918,1
9.7397,9.5491,10.756,1
9.8579,9.3208,9.3987,1
9.9246,10.36,9.1588,1
10.368,9.4839,10.665,1
10.601,10.116,10.684,1
9.6899,9.9504,10.863,1
10.866,10.055,9.6997,1
9.2477,10.45,9.7274,1
10.609,10.511,9.5409,1
9.6426,10.47,10.703,1
9.8637,10.05,10.907,1
10.015,9.9752,10.918,1
9.5539,10.351,10.722,1
9.9461,10.195,10.896,1
10.273,9.1233,9.9854,1
10.678,9.4311,10.245,1
10.327,9.1433,10.044,1
10.531,10.746,10.073,1
9.1296,10.197,10.216,1
10.277,9.928,9.1277,1
10.861,9.8902,10.3,1
10.111,10.458,10.788,1
9.9482,10.027,9.0837,1
9.2106,9.7682,10.408,1
9.3519,9.612,9.4621,1
9.9146,9.7531,10.89,1
10.246,10.346,10.824,1
9.0909,9.9132,10.161,1
10.485,9.8741,10.78,1
9.4056,10.686,10.19,1
9.3909,9.455,10.438,1
9.6493,9.1629,9.8101,1
10.604,10.506,9.5111,1
9.9177,9.9163,9.0802,1
9.946,10.679,10.629,1
9.2782,10.497,9.6967,1
9.871,9.8061,9.1024,1
10.359,9.4212,9.3708,1
10.545,10.59,9.5364,1
10.558,9.3128,10.275,1
9.2735,9.6255,9.5621,1
9.9873,9.1971,10.464,1
10.024,9.4992,9.2199,1
9.7544,10.888,10.103,1
9.823,10.357,10.837,1
9.2745,9.736,9.4864,1
10.17,9.3006,10.585,1
9.2734,9.4286,9.9265,1
10.03,10.173,9.0895,1
9.543,9.8658,9.2044,1
10.814,9.6743,10.303,1
10.221,9.9273,10.898,1
10.06,9.6606,9.1391,1
10.823,10.27,9.6691,1
10.634,9.5328,10.489,1
9.4895,10.767,9.8972,1
9.5663,10.441,9.3089,1
10.451,10.727,9.6418,1
9.6284,10.012,9.1505,1
10.013,10.117,10.92,1
9.7178,9.9363,10.881,1
9.9433,10.394,9.1627,1
10.612,10.341,9.3928,1
9.2056,10.41,9.7529,1
10.774,9.5695,9.7247,1
9.9538,10.036,9.0746,1
10.305,9.201,10.358,1
10.563,10.108,9.2711,1
9.8779,9.4166,9.2897,1
10,10,10.927,1
9.9857,10.901,10.219,1
9.3681,10.101,10.671,1
10.35,10.767,10.385,1
9.7518,10.149,9.119,1
10.909,9.8247,10.044,1
10.275,9.3989,9.3495,1
10.2,9.8321,9.1103,1
10.326,10.853,9.839,1
9.0742,9.9706,9.9559,1
9.8007,10.045,10.904,1
9.3946,9.735,10.65,1
10.698,10.514,10.331,1
9.9706,9.9491,10.925,1
10.574,10.23,10.691,1
10.523,9.266,9.7814,1
10.843,10,9.6148,1
10.345,10,10.861,1
9.1425,10.252,10.247,1
9.4968,10.661,9.5882,1
10.061,10.195,9.0955,1
10.669,10.638,10.073,1
9.5804,9.9329,9.1758,1
9.64,9.5845,9.2533,1
9.8784,10.351,10.849,1
9.1592,10.368,10.132,1
10.08,9.9621,10.923,1
10.718,9.9544,9.4153,1
10.044,10.926,9.9853,1
9.9549,9.6861,10.871,1
9.7388,9.8202,9.1286,1
9.9869,9.9736,10.927,1
10.026,9.9158,9.0769,1
10.284,10.35,10.81,1
9.316,10.612,9.868,1
9.4766,10.05,10.764,1
10.219,10.901,10.015,1
10.545,10.07,10.747,1
10.348,10.65,10.562,1
10.053,9.5266,10.796,1
10.59,10.379,10.607,1
9.8826,10.561,10.729,1
9.7786,9.1992,10.412,1
10.434,9.5299,9.3289,1
9.614,10.669,10.514,1
10.509,10.132,9.2362,1
10.501,9.6778,10.71,1
10,10,9.0727,1
10.534,9.4908,9.4384,1
9.5426,9.3989,10.538,1
9.9884,9.854,10.916,1
10.027,10.013,9.0732,1
10.146,10.009,9.0844,1
9.9322,10.162,10.911,1
10.213,9.6026,9.1897,1
10.461,9.6131,9.2827,1
9.563,9.4957,10.657,1
10.162,10.919,10.074,1
9.8088,9.0864,9.9258,1
9.1521,10.081,9.611,1
9.7659,9.9776,10.906,1
10.222,10.143,9.1016,1
9.1809,10.358,9.722,1
10.297,10.119,9.1201,1
9.4115,9.4021,10.416,1
9.8676,9.0789,10.104,1
9.7395,9.9583,10.898,1
9.5862,10.37,10.754,1
9.621,10.437,9.264,1
9.6399,9.2734,10.468,1
10.819,9.8955,9.5578,1
10.753,9.4455,10.045,1
10.25,9.4525,10.717,1
10.864,10,9.6382,1
9.9221,9.7184,9.1104,1
9.4561,10.198,10.736,1
10.718,9.658,10.494,1
10.561,9.6392,9.3432,1
9.9871,10.811,9.5318,1
10.905,9.8255,9.8374,1
9.6102,9.3249,10.519,1
9.8539,10.253,10.89,1
10.468,10.446,10.678,1
10.934,10.059,10.015,1
10.903,10,9.7505,1
9.9755,10.017,10.936,1
9.9724,9.6531,9.1307,1
10.006,10.118,10.929,1
10.303,10.373,10.803,1
10.294,10.412,9.2123,1
10.493,9.2052,9.9554,1
10.119,10.384,10.845,1
9.6581,9.1838,9.6937,1
10,10,9.0636,1
9.0959,9.7958,9.8667,1
9.9461,10.071,9.0679,1
9.9203,10.19,9.0866,1
10.042,9.1263,9.6658,1
9.6043,9.646,10.771,1
10.526,9.4985,9.4096,1
9.9068,9.9267,9.0712,1
10.31,10.678,9.4329,1
10.393,10.633,10.567,1
10.764,9.5747,10.334,1
10.21,9.3243,9.3868,1
9.6956,10.879,9.8962,1
10.07,9.6037,9.1545,1
9.9605,10.08,10.932,1
10.617,10.668,9.7792,1
10.685,10.178,10.613,1
10.034,9.9516,10.934,1
9.2288,9.4691,9.9851,1
9.4419,10.567,9.5063,1
9.8721,10.611,10.698,1
9.8021,10.058,10.913,1
9.9995,9.9703,9.0641,1
10.601,10.334,10.635,1
9.3765,9.6267,10.59,1
9.7048,9.1471,10.25,1
10.845,9.6618,10.221,1
10.237,9.7086,9.1422,1
9.956,10.553,9.246,1
9.1291,9.683,10.133,1
9.792,9.6874,10.858,1
9.9018,10.148,10.919,1
9.494,10.016,10.788,1
10.472,10.091,9.1966,1
10,10,10.936,1
10.593,9.8052,9.3022,1
10.887,10.113,10.278,1
9.2802,10.431,9.5842,1
10.07,9.8696,9.0754,1
10.1,9.8913,10.925,1
10.666,9.8272,9.3647,1
10.086,10.775,9.4813,1
10.084,10.156,9.0806,1
9.7892,9.7231,10.869,1
9.9456,9.9762,9.0655,1
9.3697,10.142,9.3223,1
9.2429,10.39,10.389,1
10.18,9.2588,9.4569,1
10.454,9.9711,10.818,1
10.125,10.516,9.2287,1
9.7699,10.832,10.362,1
9.1854,9.58,9.8082,1
10.784,10.258,10.442,1
10.799,10.38,10.306,1
9.6927,9.9098,10.88,1
10.329,10.276,9.1677,1
9.0839,9.9709,10.192,1
10.048,9.5736,10.832,1
9.6421,10.281,9.1818,1
9.8688,10.913,10.163,1
10.189,10.139,9.0936,1
10.272,10.713,10.543,1
10.387,9.153,10.164,1
10.692,10.58,9.7193,1
9.8814,10.825,10.447,1
10,10,9.0545,1
9.7708,10.829,9.6072,1
9.3392,9.6044,10.548,1
9.3389,9.3283,9.9251,1
10.778,10.202,10.498,1
9.9634,9.8249,9.0716,1
10.846,9.6613,10.252,1
9.6961,10.309,10.84,1
9.4397,10.018,10.761,1
9.8317,9.6604,9.1339,1
10.498,9.1975,9.955,1
9.3535,9.8102,10.663,1
10.601,9.6137,9.3809,1
9.0927,9.8548,9.7771,1
10.093,10.528,9.2213,1
10.025,10.055,10.944,1
10.205,10.382,9.1596,1
10.175,10.113,9.0778,1
9.6837,9.2448,9.5273,1
10.295,10,9.1018,1
9.6548,10.824,10.309,1
10.698,9.4142,9.7481,1
10.104,10.934,10.105,1
9.0608,9.9702,9.8952,1
9.0807,9.7924,10.075,1
10.092,9.1718,9.5535,1
9.6268,10.561,9.3368,1
10.51,9.9676,9.2046,1
10.004,10.09,9.0588,1
9.9615,9.5159,10.811,1
10.054,9.9742,9.0564,1
9.8803,10.572,10.743,1
9.2916,9.5123,10.393,1
10.221,10.909,9.8654,1
10.188,9.7366,10.888,1
10.647,9.3834,9.6908,1
10.147,9.9717,10.934,1
10.193,10.184,10.907,1
10.229,9.2646,9.4516,1
9.8936,9.9452,10.938,1
10.353,9.5649,9.2387,1
9.869,10.264,10.898,1
10.46,10.741,10.365,1
9.5516,10.101,9.1738,1
9.7963,10.122,9.0848,1
9.8813,9.7944,10.915,1
10.524,10.735,10.281,1
9.7458,10.2,9.1116,1
9.9168,9.4215,9.2568,1
9.4076,9.7844,10.705,1
9.6738,10.565,9.3157,1
9.2569,9.4156,9.985,1
9.8916,10.142,10.928,1
9.3827,10.318,10.641,1
10.061,10.066,10.941,1
10.534,10.657,10.42,1
9.9701,9.9971,10.945,1
9.9818,9.9761,9.055,1
10.308,9.4249,10.684,1
9.1121,10.261,10.194,1
9.3108,9.6984,9.4274,1
9.4216,9.3325,9.6626,1
9.76,10.693,9.4038,1
10.549,10.261,9.2757,1
10.507,9.9353,10.795,1
10.33,9.6432,9.1888,1
10.121,10.388,10.854,1
10.04,9.1538,9.5802,1
10,10,10.945,1
9.3898,10.546,10.473,1
10.137,9.2248,10.524,1
10.591,9.5649,10.596,1
9.555,9.3311,9.5015,1
9.9958,9.7337,9.0928,1
10.577,9.8104,10.724,1
9.9216,10.09,9.0622,1
10.877,10.351,10.045,1
10.46,10,10.826,1
10.22,9.0952,9.8358,1
10.145,10.38,9.1463,1
9.7938,9.4043,9.2954,1
9.9854,10.919,10.223,1
9.7926,10.02,10.922,1
10.879,10.289,9.8064,1
9.8525,10.024,9.0664,1
10.345,10.067,9.1223,1
10.125,9.6717,10.878,1
9.8571,9.4833,10.779,1
10.728,9.811,10.573,1
10.378,10.024,10.866,1
9.1805,10.298,9.6347,1
10.575,10.424,10.619,1
9.9258,10.933,10.135,1
9.3418,9.4111,10.337,1
10.607,9.6623,9.3585,1
10.688,10.383,9.4763,1
9.2213,10.536,10.015,1
10.846,10.339,9.7166,1
10.553,9.5363,10.625,1
10.68,10,10.67,1
9.9762,9.9813,9.0459,1
10.361,10.79,9.6035,1
9.8023,9.7402,9.103,1
9.9857,9.8199,9.0627,1
9.2153,9.8744,10.529,1
10.449,9.8834,9.1659,1
10.952,9.9395,9.9546,1
10.279,9.1024,9.8342,1
10.089,10.017,9.0498,1
10.128,10.526,10.786,1
10.025,10.515,10.803,1
10.711,10.596,9.775,1
10.799,9.7375,10.451,1
10.512,10.065,9.197,1
9.8187,10.656,9.3304,1
9.7516,9.2822,10.578,1
10.394,9.1371,9.8942,1
10.043,9.099,9.6878,1
10.682,10.439,9.4967,1
9.6324,9.1223,10.076,1
9.5993,9.8246,10.848,1
10.211,9.4488,10.75,1
9.7429,9.6136,10.834,1
9.7943,10.123,9.076,1
9.1963,10.293,9.5761,1
10.219,10.573,10.731,1
10.238,10.334,9.1381,1
10.346,10.164,9.1255,1
9.2521,9.6145,9.5492,1
9.5899,10.013,10.862,1
10.298,10.481,10.769,1
9.6944,10.883,9.8045,1
9.5762,10.855,9.9849,1
10.153,9.1329,9.6312,1
10.31,10.172,9.1138,1
9.3454,9.5493,9.4713,1
9.9206,9.7129,9.0931,1
10.014,9.9733,10.954,1
9.9849,10.949,10.106,1
9.8444,9.2565,9.4219,1
10.934,10,10.195,1
10.127,10.237,10.916,1
10.217,9.8406,9.0841,1
9.8499,9.9857,10.943,1
9.5081,10.5,9.3523,1
9.7541,10.587,9.2886,1
10.4,9.5665,9.2497,1
9.8623,10.159,10.931,1
10.503,9.189,10.015,1
10.581,10.428,9.3749,1
9.77,9.9325,10.924,1
10.612,10.663,10.312,1
10.044,9.9582,9.0474,1
9.3955,10.541,10.503,1
9.4766,10.787,10.136,1
10.241,9.703,10.874,1
9.9697,10.052,10.953,1
10.401,10.494,10.711,1
10.833,9.5364,10.045,1
10,10,9.0455,1
9.9246,9.8694,9.0574,1
9.9535,10.323,10.897,1
10.297,10.019,10.907,1
9.4234,9.3346,10.369,1
9.4343,9.982,9.2313,1
9.1388,10.377,10.166,1
9.1836,9.5112,9.9244,1
10.767,9.6928,10.477,1
9.4001,9.3905,10.424,1
10.036,10.115,9.0531,1
9.9611,10.489,10.819,1
9.4822,10.407,10.691,1
9.1822,10.422,10.254,1
10.516,9.6683,9.2688,1
10.704,10.231,10.602,1
9.9115,10.02,10.95,1
9.8433,9.8598,9.0689,1
10,10,10.955,1
10.131,10.125,10.937,1
9.2625,10.07,9.3981,1
9.2655,10.506,10.341,1
9.8065,10.925,9.8642,1
9.1669,10.245,10.397,1
10.348,9.9329,10.886,1
9.2693,9.7341,10.554,1
10.771,9.9016,9.4463,1
9.1026,9.7973,9.7456,1
9.5158,10.077,9.181,1
9.9931,9.5627,9.1516,1
9.6329,9.2593,9.5227,1
9.6011,10.524,9.3092,1
10.109,9.9481,10.947,1
10.103,9.0781,10.225,1
10.882,10.229,10.283,1
10.165,9.3186,10.648,1
10.094,10.533,9.2138,1
10.099,10.886,9.6593,1
9.2434,10.595,10.046,1
10.147,9.9618,9.0485,1
9.2306,9.7199,10.508,1
10.052,9.5344,9.1579,1
10.097,10.254,10.925,1
9.817,10.662,9.324,1
9.9187,9.4345,9.224,1
9.8435,9.9063,9.0538,1
10.064,10.104,9.0441,1
10.085,9.966,9.0407,1
10.512,9.9014,10.811,1
10.401,10.104,10.87,1
9.3241,10.687,10.015,1
9.6461,9.8451,10.883,1
9.5503,9.481,10.676,1
10,10,9.0364,1
9.8413,9.4259,9.2425,1
10.282,9.0938,9.8327,1
10.92,10,10.286,1
10.726,10.467,10.428,1
10.133,9.926,10.952,1
10.257,10.563,10.738,1
10.172,9.6233,9.1299,1
9.818,9.13,10.372,1
9.0914,9.8546,9.7139,1
9.5652,9.3465,9.441,1
10.593,9.4349,9.4919,1
10.303,9.2065,9.5449,1
10.822,10.391,10.315,1
10,10,10.964,1
10.379,9.2928,10.534,1
9.6289,10.886,9.9236,1
9.9696,10.003,9.0368,1
9.9694,10.385,9.1172,1
9.5317,10.015,10.842,1
9.3694,9.5041,9.4662,1
10.373,9.4766,10.718,1
10.046,9.0434,9.8932,1
10.171,9.8741,10.94,1
9.4169,9.5986,9.3462,1
9.8209,9.6898,9.1054,1
10.053,10.075,10.959,1
9.9392,9.9942,10.962,1
9.5734,9.1393,10.076,1
9.6903,10.113,9.0945,1
10.941,9.8799,10.167,1
9.841,10.321,10.895,1
10.608,9.2522,9.9847,1
9.5356,10.61,9.4164,1
10.952,9.9395,10.137,1
10.87,10.111,9.5997,1
10.507,10.549,9.3924,1
9.9868,10.834,9.5182,1
10.15,9.1497,9.5721,1
10.728,10,10.631,1
9.2343,9.8271,10.559,1
10.104,10.429,10.857,1
9.9384,10.294,10.916,1
10.185,9.8444,10.933,1
9.9305,9.1262,10.4,1
10.072,10.231,9.0672,1
9.1088,9.7383,9.7432,1
10.436,9.528,9.2818,1
9.4427,10.126,10.776,1
10.834,10.161,10.455,1
10.314,9.4938,10.757,1
10.45,10.841,9.8629,1
10.115,10.655,10.697,1
9.9372,10.437,9.1435,1
9.6915,10.891,9.8026,1
10.129,9.469,10.794,1
10.208,10.175,9.0754,1
9.9144,9.9131,10.956,1
10.313,10.103,10.906,1
10.438,9.7183,9.1893,1
9.4089,9.6953,9.3026,1
10.887,10.056,9.6277,1
9.1488,10.439,10.107,1
10.029,10.619,9.2618,1
10.89,9.7078,9.7728,1
9.6359,10.631,9.369,1
10.061,10.543,9.2063,1
9.8251,10.12,9.06,1
9.9295,9.8318,10.946,1
9.9921,9.5051,10.827,1
9.0573,9.9701,10.197,1
9.3208,10.199,10.654,1
9.3583,10.384,10.608,1
10.836,10.335,9.6561,1
10.049,10.036,9.0383,1
10.263,10.146,9.0845,1
10.813,9.6131,10.344,1
9.972,10.012,10.963,1
9.3781,9.4436,10.482,1
9.3021,10.624,10.227,1
10.607,10.747,9.9541,1
9.5752,10.638,10.584,1
10.672,10.641,10.257,1
9.6758,10.374,9.1732,1
9.1008,10.144,9.6848,1
10.232,9.9238,10.942,1
9.9625,9.5286,10.85,1
9.3149,10.539,9.568,1
10.81,10,9.4612,1
9.2773,10.647,10.077,1
10.226,9.0691,9.8311,1
9.8768,9.4114,9.2354,1
10.841,9.9466,10.486,1
9.9863,9.9723,10.972,1
10.038,10.791,10.564,1
10.659,9.873,9.296,1
9.3626,9.3524,10.347,1
10.01,9.9081,9.0317,1
9.6042,9.4051,10.66,1
10.155,9.8521,10.949,1
9.4052,10.356,9.3177,1
10,10,10.973,1
9.613,10.67,9.4109,1
10.375,10.241,9.1354,1
9.9113,10.321,10.914,1
9.3851,10.269,10.704,1
9.6196,9.9141,10.891,1
10.544,9.2363,10.259,1
10.32,9.7313,9.1217,1
9.1773,10.242,9.5406,1
9.4272,9.7493,10.745,1
9.6819,10.919,9.9846,1
9.5052,9.7037,9.2167,1
9.6556,10.237,10.878,1
9.0599,10.15,9.8008,1
10.055,9.8564,9.0395,1
10.072,10.645,9.2751,1
9.816,9.9942,9.0449,1
10.712,10.185,9.363,1
10.58,10.232,9.2548,1
9.8652,10.272,10.924,1
10.8,10.263,9.5136,1
9.3466,9.6631,10.637,1
10.498,10.237,9.1988,1
9.2774,9.4318,10.318,1
10,10,9.0273,1
10.488,10.601,10.589,1
10.964,9.877,9.9537,1
10.039,9.1744,9.4872,1
10.782,9.4239,10.046,1
10.037,10.211,9.0512,1
10.504,9.7196,10.783,1
9.2271,10.175,9.4358,1
9.4704,10.538,9.3866,1
9.9527,9.6707,9.0859,1
10.208,9.5455,9.1654,1
9.411,9.226,10.015,1
10.022,10.021,9.0278,1
10.604,9.2565,10.169,1
10.073,10.135,10.961,1
9.8162,10.878,10.376,1
9.6962,9.1222,10.289,1
10.508,9.1819,9.8616,1
9.8493,10.36,9.1089,1
10.343,10.752,10.513,1
10.104,9.4078,10.765,1
9.3905,9.7782,10.725,1
9.9868,10.092,10.968,1
9.3649,10.327,9.34,1
10.227,10.936,10.138,1
9.8192,9.6869,9.097,1
9.8012,9.7706,9.0758,1
10.617,9.3325,9.6528,1
9.6556,10.397,10.818,1
10.206,9.8679,9.0584,1
10.45,9.1608,10.199,1
9.7322,9.3606,10.682,1
9.9853,10.929,9.7112,1
10.885,10,9.5959,1
10.274,10.385,9.15,1
10.289,10.757,10.539,1
9.1069,10.085,9.6242,1
9.093,9.7337,10.229,1
10.724,10.608,9.7707,1
10.701,9.7194,10.613,1
9.119,10.321,9.7408,1
9.143,10.027,10.459,1
9.4722,10.694,10.432,1
10.273,10.878,9.6819,1
10.965,10.061,9.8922,1
10.221,10.162,10.933,1
9.9082,9.9179,9.0351,1
9.9604,10.498,10.835,1
10.081,9.7383,9.0667,1
10.511,10.824,9.9229,1
9.9492,9.965,9.0292,1
9.5099,10.737,10.404,1
10.061,10.008,10.971,1
10.936,9.7572,10.108,1
9.5599,9.9296,10.865,1
10.111,9.9471,10.965,1
10.542,10.104,10.801,1
9.9971,9.8159,10.955,1
9.8599,9.4931,9.1817,1
10.245,10.266,10.903,1
9.4239,9.3352,10.436,1
9.9102,9.3753,10.752,1
9.5514,9.8367,9.142,1
9.9511,9.9615,9.0202,1
10.785,9.8486,10.57,1
10.215,10.027,9.0423,1
9.4795,10.529,10.643,1
9.9265,10.925,10.321,1
9.8895,9.943,10.974,1
10.526,10.648,9.4824,1
10.042,10.879,9.564,1
9.9844,10.981,9.9533,1
9.1963,10.553,9.8912,1
9.4948,10.664,10.518,1
9.9539,9.4197,10.791,1
10.107,9.0449,10.201,1
10.708,10.675,9.9222,1
10.531,10.341,9.2479,1
10.004,9.9068,10.977,1
9.5277,10.545,9.3338,1
10.294,9.7836,10.911,1
10.532,10.747,9.6496,1
10.974,9.8757,10.016,1
10.319,10.105,10.923,1
10.294,10.473,9.1913,1
9.814,9.7204,9.0774,1
10.938,10,10.292,1
10.656,9.8298,10.711,1
9.8772,10.248,10.942,1
9.6367,9.9653,9.0885,1
10.742,9.7028,9.4305,1
10.251,10.468,10.826,1
10,10,9.0182,1
10.694,9.4179,10.379,1
9.8713,9.628,10.899,1
9.5612,10.099,9.1273,1
9.9564,10.303,9.0672,1
10.688,9.5581,9.4562,1
9.6905,10.894,10.262,1
10.341,10.891,9.7685,1
9.5535,10.773,9.5921,1
10.088,9.8362,10.964,1
9.223,9.5348,9.6207,1
10.231,9.046,9.9844,1
10.959,10.061,9.7989,1
10.691,9.3416,10.231,1
9.2691,10.654,10.047,1
9.201,10.291,10.491,1
10.791,10.205,10.544,1
9.9061,9.8766,10.969,1
9.9715,10.012,9.0187,1
9.7535,10.008,9.0497,1
10.272,10.595,10.732,1
9.9759,10.057,10.98,1
10.078,9.5569,10.873,1
10.412,9.3361,9.4054,1
9.1004,10.264,9.7085,1
9.2383,9.9758,9.3809,1
9.9373,9.7001,10.933,1
10.779,10.573,10.17,1
9.6727,9.4331,9.2683,1
10.223,10.106,10.95,1
10.393,9.975,9.1005,1
10.911,10.176,9.6789,1
10.381,9.8186,9.1135,1
9.8757,10.594,9.2282,1
9.5282,10.243,9.174,1
9.6134,9.8308,10.887,1
9.9175,9.8335,9.0359,1
9.9669,9.8802,9.0261,1
9.4502,9.912,10.809,1
10.132,10.75,10.619,1
9.9692,10.005,10.981,1
10.927,9.6955,10.109,1
10.232,9.2539,10.595,1
9.8052,9.5348,9.1576,1
9.9345,9.9335,9.0226,1
10.406,9.43,10.689,1
10.338,9.116,9.7384,1
10.743,9.5866,9.5091,1
10.465,10.39,10.772,1
9.4951,9.5482,9.2894,1
9.542,9.8655,10.858,1
9.4617,10.809,9.8603,1
10.056,10.501,10.842,1
9.3996,10.359,9.3113,1
10.849,10.472,10.14,1
9.7556,10.884,10.35,1
9.9886,9.2789,10.666,1
10.174,9.7853,9.058,1
9.789,9.9523,10.958,1
9.5205,9.6699,9.2094,1
9.1385,10.082,10.464,1
10.265,10.853,10.408,1
10.689,10.276,9.357,1
10.402,9.1205,9.8295,1
10.979,10,10.078,1
9.3197,10.535,9.5363,1
10.105,10.114,9.0305,1
10,10,10.982,1
10.304,9.7446,9.0922,1
10.457,9.3577,9.3999,1
9.9846,10.97,10.203,1
10.588,10,9.2021,1
9.5605,9.1132,10.047,1
10.793,9.8472,9.4252,1
10.802,10.382,10.44,1
9.1618,10.08,10.522,1
10.059,10.111,9.0171,1
10.267,9.3004,9.3511,1
10.319,9.3004,9.3752,1
9.2816,10.565,9.6172,1
10.151,9.5139,9.1498,1
10.044,9.0754,9.6464,1
9.3071,9.296,10.079,1
10.497,9.8009,10.834,1
9.9441,10.029,9.0111,1
10.211,10.055,9.0334,1
9.9807,9.9078,9.0136,1
9.3164,9.6476,10.625,1
9.2287,9.469,10.324,1
9.8503,10.542,10.816,1
10.657,10.552,10.495,1
9.7919,9.8139,9.0492,1
10.348,10.561,10.738,1
10.511,9.5127,9.3049,1
9.7513,9.9921,10.959,1
10.059,9.4676,9.1664,1
10.735,9.5278,10.468,1
9.3505,10.447,10.6,1
9.7105,9.7723,9.0801,1
9.2442,10.331,9.4511,1
10.932,10.306,10.141,1
10.033,9.9466,10.989,1
10.602,10.652,9.56,1
9.0276,9.8444,9.8902,1
10,10,10.991,1
10.897,10.173,10.383,1
9.333,10.151,9.2828,1
9.6895,9.8641,10.931,1
9.9096,9.9735,10.986,1
9.6792,9.0731,9.859,1
9.7975,9.7663,10.941,1
10.087,9.6421,10.92,1
10.079,9.9026,10.983,1
10.983,9.8746,9.9843,1
9.7455,9.0795,9.7359,1
10.299,9.9223,9.0586,1
10.051,10.212,10.967,1
9.8276,10.824,9.4776,1
9.9897,10.03,10.99,1
10.873,10,9.532,1
9.5121,9.1549,10.172,1
10.726,10.046,9.3277,1
10.479,10.672,10.549,1
10.983,10.125,10.016,1
10.069,9.6087,10.908,1
10.203,10.653,10.717,1
9.427,10.753,9.7058,1
9.1118,10.261,10.354,1
9.9243,9.0479,10.264,1
10.164,9.9088,9.027,1
9.7211,10.322,9.1053,1
9.4338,10.575,10.575,1
9.9733,10.186,10.973,1
10.617,10.343,10.695,1
9.6104,9.7668,9.1192,1
10.046,10.962,10.234,1
9.4541,9.2827,10.412,1
9.8833,10.104,9.0215,1
9.4545,10.82,10.11,1
10.797,9.4131,9.9529,1
10.621,10.592,9.5045,1
10.005,10.031,9.0096,1
9.862,9.04,9.7971,1
9.9039,10.23,9.0409,1
10.358,10.23,10.895,1
10.435,9.7929,10.866,1
10.786,10.579,9.8279,1
9.721,10.009,10.951,1
9.6746,9.5109,10.798,1
9.5473,10.165,9.1341,1
10.265,10.579,10.759,1
9.9857,9.0988,9.5884,1
9.9476,10.659,9.2615,1
10,10,9.0091,1
9.7092,10.174,9.0689,1
9.0678,9.911,9.6759,1
10.636,9.9596,9.2409,1
9.7829,9.4817,9.1838,1
10.219,10.572,10.779,1
9.3952,10.097,9.2211,1
9.6256,10.649,10.649,1
9.077,9.7915,10.294,1
9.316,9.751,10.672,1
10.099,10.122,10.978,1
10.484,9.8412,10.85,1
10.214,9.5998,10.881,1
10.109,10.982,9.9215,1
10.653,9.2926,9.7664,1
9.6227,10.761,9.4728,1
10.112,9.367,9.234,1
9.8154,9.9583,10.982,1
9.7397,10.752,10.606,1
10,10,11,1
10.104,10.194,9.0246,1
9.1122,9.5423,10.048,1
10.48,9.2271,9.5846,1
10.041,9.6306,10.928,1
10.02,10.025,9.0005,1
10.246,9.3554,10.724,1
9.1773,10.566,9.9524,1
9.3734,10.228,10.745,1
10.8,9.8458,10.58,1
9.5829,9.7503,10.874,1
10.627,9.2286,9.8892,1
10.11,10.355,9.0716,1
10.877,10.418,9.7642,1
10.4,10.877,9.7335,1
9.313,9.9344,9.2763,1
9.921,9.8632,10.987,1
9.9435,9.2895,9.2985,1
10.288,10.185,10.94,1
10.881,10,10.472,1
9.084,10.401,10.016,1
9.2963,9.8874,10.701,1
10.457,10.029,10.889,1
9.3183,9.3074,10.236,1
10.795,9.4891,9.6729,1
10.015,10.062,9.002,1
9.9513,9.6615,9.0603,1
9.7809,10.523,10.824,1
9.9792,10.024,10.999,1
10.249,9.6499,10.903,1
9.4618,10.051,10.841,1
9.8353,9.4042,9.2139,1
9.4311,9.833,9.1947,1
10.77,10.098,9.3694,1
9.9842,9.0033,10.079,1
9.99,10.126,9.008,1
10.617,10.668,10.415,1
9.5605,9.1131,10.142,1
10.29,9.7233,10.916,1
10.026,10.54,9.1587,1
9.8734,10.605,10.786,1
10.684,10.652,10.327,1
10.077,9.9436,10.995,1
10.115,9.5275,9.1262,1
10.055,10.031,10.998,1
10.967,10.186,10.174,1
9.3336,9.9788,9.2547,1
9.9586,9.8804,10.992,1
9.9388,10.425,9.0971,1
9.5791,9.5142,10.766,1
10.842,9.5314,10.266,1
10.464,9.7792,10.858,1
10.95,9.688,9.9841,1
9.79,10.188,10.959,1
9.2164,10.616,9.9208,1
9.1027,9.6734,10.297,1
10.566,9.964,9.1763,1
9.1449,10.137,9.5,1
10,10,9,1
10.127,10.094,9.0126,1
10.953,9.7527,9.8264,1
10.044,9.0787,9.6137,1
10.169,9.8584,10.975,1
10.329,10.862,10.386,1
9.4568,9.7623,10.805,1
10.514,10,9.142,1
9.8272,9.7402,10.95,1
10.305,9.3318,10.679,1
10.721,9.7115,10.631,1
10.035,10.31,9.0499,1
9.3817,10.628,9.5277,1
10.702,10.281,9.3451,1
9.0608,10.276,9.7952,1
9.7572,9.681,9.0839,1
9.7496,10.129,9.0405,1
9.7362,10.954,9.8577,1
9.6021,10.689,9.3944,1
10.576,10.81,10.111,1
10.119,9.7786,10.968,1
10.565,9.3884,9.4461,1
9.3775,9.5714,10.655,1
10.75,10.629,10.205,1
9.905,10.003,9.0045,1
10.033,10.186,9.0181,1
10.252,9.1886,10.527,1
9.3322,9.4026,9.5559,1
9.3193,9.4647,10.5,1
9.1985,10.48,10.357,1
9.0888,10.206,9.6431,1
9.4711,10.795,9.7031,1
10.435,10.143,9.1112,1
9.6853,9.2487,9.4199,1
9.8479,10.2,9.0321,1
10.729,9.907,9.3215,1
9.8165,9.123,10.444,1
10.806,10.209,10.554,1
